0.000000
14.404647
34.646812
46.400387
45.972984
50.228939
47.809963
31.214725
29.959076
100.000000
42.791164
33.290798
44.827400
55.715202
45.258980
60.135189
62.507935
69.192047
69.583519
58.477016
53.037365
61.321083
62.683273
59.173168
69.152740
70.393311
77.369728
63.653393
63.086246
78.944443
100.000000
100.000000
100.000000
100.000000
100.000000
100.000000
100.000000
100.000000
100.000000
100.000000
100.000000
100.000000
100.000000
100.000000
100.000000
100.000000
100.000000
100.000000
100.000000
100.000000
100.000000
100.000000
100.000000
100.000000
100.000000
100.000000
100.000000
100.000000
100.000000
100.000000
100.000000
100.000000
100.000000
100.000000
100.000000
100.000000
100.000000
100.000000
100.000000
100.000000
100.000000
100.000000
100.000000
100.000000
100.000000
90.776207
94.045364
75.234436
70.265831
111.961273
79.541107
111.131050
93.217384
97.674896
62.824497
84.214401
84.779213
119.386513
89.366898
114.731346
14.404647
0.000000
10.636655
15.717063
36.748390
28.071287
22.943478
12.799234
10.110211
178.049713
36.386124
16.886120
20.584511
34.250309
31.416153
53.566452
54.724369
51.622993
43.964474
42.529861
52.602180
44.385658
59.907009
41.207485
47.472771
46.503094
51.294464
48.709854
41.383038
48.180801
100.000000
100.000000
100.000000
100.000000
100.000000
100.000000
100.000000
100.000000
100.000000
100.000000
100.000000
100.000000
100.000000
100.000000
100.000000
100.000000
100.000000
100.000000
100.000000
100.000000
100.000000
100.000000
100.000000
100.000000
100.000000
100.000000
100.000000
100.000000
100.000000
100.000000
100.000000
100.000000
100.000000
100.000000
100.000000
100.000000
100.000000
100.000000
100.000000
100.000000
100.000000
100.000000
100.000000
100.000000
100.000000
88.515022
65.781914
64.476303
58.783333
68.993286
65.770447
98.469788
79.042686
70.821846
91.984131
61.862469
94.231544
85.359306
100.892456
124.292107
34.646812
10.636655
0.000000
12.756346
19.951120
18.431307
11.148939
9.175390
11.254819
138.919937
38.005306
17.429939
19.158098
22.739223
32.791454
45.484337
53.030621
44.381477
40.941296
44.517010
33.372154
32.758656
39.982327
39.327038
33.749271
39.148048
43.865494
35.300125
35.461193
35.698456
122.193588
100.000000
100.000000
100.000000
100.000000
100.000000
100.000000
100.000000
100.000000
100.000000
100.000000
100.000000
100.000000
100.000000
100.000000
100.000000
100.000000
100.000000
100.000000
100.000000
100.000000
100.000000
100.000000
100.000000
100.000000
100.000000
100.000000
100.000000
100.000000
100.000000
100.000000
100.000000
100.000000
100.000000
100.000000
100.000000
100.000000
100.000000
100.000000
100.000000
100.000000
100.000000
100.000000
100.000000
100.000000
83.086021
69.717850
68.259460
67.444862
68.226799
59.453693
104.028831
62.786354
68.823997
64.998474
66.313515
97.439468
96.807724
70.894577
95.126404
46.400387
15.717063
12.756346
0.000000
8.487833
16.643156
9.026106
9.779127
18.457090
100.000000
30.566521
19.351202
19.746946
13.165180
45.559540
42.905277
41.910679
34.647640
41.745308
35.463718
38.835453
41.004910
42.453773
34.400322
40.554344
56.613895
46.942196
54.582848
41.609264
52.915867
100.000000
100.000000
100.000000
100.000000
100.000000
100.000000
100.000000
100.000000
100.000000
100.000000
100.000000
100.000000
100.000000
100.000000
100.000000
100.000000
100.000000
100.000000
100.000000
100.000000
100.000000
100.000000
100.000000
100.000000
100.000000
100.000000
100.000000
100.000000
100.000000
100.000000
100.000000
100.000000
100.000000
100.000000
100.000000
100.000000
100.000000
100.000000
100.000000
100.000000
100.000000
100.000000
100.000000
100.000000
100.000000
70.423271
80.344009
85.246910
72.697632
123.299072
74.248413
110.737633
142.420105
84.032990
78.926941
78.170982
80.393066
76.054749
91.031639
117.074722
45.972984
36.748390
19.951120
8.487833
0.000000
6.813704
10.527514
17.375891
28.179983
136.563019
35.704102
24.422239
21.436188
12.563840
17.682133
34.662159
35.428715
62.146843
66.860092
26.558065
40.140312
37.962402
40.005936
34.385975
38.417873
42.043617
46.553722
38.398594
38.191410
39.336319
100.000000
100.000000
100.000000
100.000000
100.000000
100.000000
100.000000
100.000000
100.000000
100.000000
100.000000
100.000000
100.000000
100.000000
100.000000
100.000000
100.000000
100.000000
100.000000
100.000000
100.000000
100.000000
100.000000
100.000000
100.000000
100.000000
100.000000
100.000000
100.000000
100.000000
100.000000
100.000000
100.000000
100.000000
100.000000
100.000000
100.000000
100.000000
100.000000
100.000000
100.000000
100.000000
100.000000
100.000000
100.000000
81.020752
62.727295
65.188812
48.225510
67.421318
57.598698
102.701447
62.619625
85.560799
70.165421
76.378258
75.482574
79.661156
80.026253
93.678459
50.228939
28.071287
18.431307
16.643156
6.813704
0.000000
6.695578
18.631899
25.185263
270.537903
36.642380
22.536335
15.077290
10.760200
11.464186
33.597088
30.645151
31.279758
65.247223
30.483990
31.718102
33.750168
37.158848
27.418953
36.012981
53.153812
45.084587
38.986698
34.471771
33.429028
100.000000
100.000000
100.000000
100.000000
100.000000
100.000000
100.000000
100.000000
100.000000
100.000000
100.000000
100.000000
100.000000
100.000000
100.000000
100.000000
100.000000
100.000000
100.000000
100.000000
100.000000
100.000000
100.000000
100.000000
100.000000
100.000000
100.000000
100.000000
100.000000
100.000000
100.000000
100.000000
100.000000
100.000000
100.000000
100.000000
100.000000
100.000000
100.000000
100.000000
100.000000
100.000000
100.000000
100.000000
100.000000
94.165825
78.637321
71.332787
64.620659
98.608131
96.743973
97.105392
94.615196
72.315353
78.194557
80.920975
78.851791
90.106667
91.670715
72.759300
47.809963
22.943478
11.148939
9.026106
10.527514
6.695578
0.000000
10.207760
29.816137
146.058365
30.978882
16.847227
13.095954
11.702202
14.884131
37.546478
30.835384
32.967941
69.990021
33.846199
32.684841
42.194542
30.174210
31.019361
31.895006
45.114819
37.048588
36.112068
28.564882
29.409603
100.000000
100.000000
100.000000
100.000000
100.000000
100.000000
100.000000
100.000000
100.000000
100.000000
100.000000
100.000000
100.000000
100.000000
100.000000
100.000000
100.000000
100.000000
100.000000
100.000000
100.000000
100.000000
100.000000
100.000000
100.000000
100.000000
100.000000
100.000000
100.000000
100.000000
100.000000
100.000000
100.000000
100.000000
100.000000
100.000000
100.000000
100.000000
100.000000
100.000000
100.000000
100.000000
100.000000
100.000000
100.000000
74.023933
51.879017
69.226898
76.840874
57.069798
54.426628
120.054222
49.766445
54.249466
53.155003
58.237610
76.317688
71.833115
106.364822
107.616219
31.214725
12.799234
9.175390
9.779127
17.375891
18.631899
10.207760
0.000000
9.858672
52.499393
42.960426
11.378096
18.684038
17.425335
17.469288
41.580906
36.536583
45.793842
38.069420
37.339043
30.453096
28.468834
34.169937
33.505184
35.253819
41.805794
42.762718
41.217461
28.857679
30.216898
102.553162
89.104622
100.000000
100.000000
100.000000
100.000000
100.000000
100.000000
100.000000
100.000000
100.000000
100.000000
100.000000
100.000000
100.000000
100.000000
100.000000
100.000000
100.000000
100.000000
100.000000
100.000000
100.000000
100.000000
100.000000
100.000000
100.000000
100.000000
100.000000
100.000000
100.000000
100.000000
100.000000
100.000000
100.000000
216.130081
100.000000
100.000000
100.000000
100.000000
100.000000
100.000000
100.000000
100.000000
100.000000
75.791336
74.526443
117.270088
112.300400
130.506454
90.414909
115.995430
82.742500
104.260658
94.302765
81.709404
90.964737
118.355690
98.030922
112.300339
29.959076
10.110211
11.254819
18.457090
28.179983
25.185263
29.816137
9.858672
0.000000
28.026936
15.927213
14.416924
17.793056
23.808920
24.072538
41.921822
53.067986
48.727417
46.582603
44.893524
33.053303
35.079517
47.013958
39.753117
39.265697
45.792152
44.247402
44.305298
29.520668
36.818039
157.852554
177.837860
100.000000
100.000000
100.000000
100.000000
100.000000
100.000000
100.000000
100.000000
100.000000
100.000000
100.000000
100.000000
100.000000
100.000000
100.000000
100.000000
100.000000
100.000000
100.000000
100.000000
100.000000
100.000000
100.000000
100.000000
100.000000
100.000000
100.000000
100.000000
100.000000
100.000000
100.000000
100.000000
100.000000
166.069794
100.000000
100.000000
100.000000
100.000000
100.000000
100.000000
100.000000
100.000000
100.000000
83.989052
68.463486
127.751190
113.959038
105.154297
63.223137
107.824356
77.508331
87.137711
100.636116
77.161659
110.855988
75.398003
109.171440
117.892326
100.000000
178.049713
138.919937
100.000000
136.563019
270.537903
146.058365
52.499393
28.026936
0.000000
24.133656
67.460312
90.471855
100.000000
133.662979
115.453979
102.867554
120.101753
126.018883
150.862122
115.946213
109.258934
120.328972
130.246735
98.685532
116.305367
118.812241
115.497887
116.162521
122.073257
100.000000
100.000000
100.000000
100.000000
100.000000
100.000000
100.000000
100.000000
100.000000
100.000000
100.000000
100.000000
100.000000
100.000000
100.000000
100.000000
100.000000
100.000000
100.000000
100.000000
100.000000
100.000000
100.000000
100.000000
100.000000
100.000000
100.000000
100.000000
100.000000
100.000000
100.000000
100.000000
100.000000
100.000000
100.000000
129.544327
180.050690
100.000000
210.277588
100.000000
100.000000
189.348038
100.000000
100.000000
100.000000
97.068680
94.651085
85.541924
64.801537
99.504204
108.612053
90.495514
93.037560
116.144333
96.277306
125.630501
102.254028
112.339035
117.535431
100.283691
42.791164
36.386124
38.005306
30.566521
35.704102
36.642380
30.978882
42.960426
15.927213
24.133656
0.000000
14.849289
38.902988
25.393003
32.095901
89.577072
96.224014
98.983589
81.154800
54.457478
65.229057
38.154400
81.431694
74.044701
80.551811
50.006454
81.531349
91.102081
75.835121
60.577438
100.000000
100.000000
100.000000
100.000000
100.000000
100.000000
100.000000
100.000000
100.000000
100.000000
100.000000
100.000000
100.000000
100.000000
100.000000
100.000000
100.000000
100.000000
100.000000
100.000000
100.000000
100.000000
100.000000
100.000000
100.000000
100.000000
100.000000
100.000000
100.000000
100.000000
100.000000
100.000000
100.000000
100.000000
100.000000
100.000000
100.000000
100.000000
100.000000
100.000000
100.000000
100.000000
100.000000
100.000000
100.000000
80.310455
118.091209
103.100548
89.482254
97.913971
115.273849
99.861862
103.205254
121.951431
104.805557
102.578300
84.502426
118.004059
93.500496
121.922066
33.290798
16.886120
17.429939
19.351202
24.422239
22.536335
16.847227
11.378096
14.416924
67.460312
14.849289
0.000000
9.289694
17.473869
42.051929
41.512230
47.509445
63.281788
42.378567
39.071529
36.106182
32.106552
38.448689
33.770966
37.341549
38.138550
44.528046
43.347755
33.674805
29.667683
178.460678
109.050018
100.000000
100.000000
100.000000
100.000000
100.000000
100.000000
100.000000
100.000000
100.000000
100.000000
100.000000
100.000000
100.000000
100.000000
100.000000
100.000000
100.000000
100.000000
100.000000
100.000000
100.000000
100.000000
100.000000
100.000000
100.000000
100.000000
100.000000
100.000000
100.000000
100.000000
100.000000
100.000000
100.000000
100.000000
100.000000
100.000000
100.000000
100.000000
100.000000
100.000000
100.000000
100.000000
100.000000
87.722404
85.714371
105.971687
107.705971
100.385902
60.700569
109.272743
87.427803
97.922928
83.367455
85.673492
106.460388
92.938354
105.519791
103.659698
44.827400
20.584511
19.158098
19.746946
21.436188
15.077290
13.095954
18.684038
17.793056
90.471855
38.902988
9.289694
0.000000
7.868558
25.143255
36.115391
32.801403
37.667374
76.068504
36.587727
32.693436
28.898165
34.287815
30.832657
32.226208
52.364948
42.171093
36.855400
30.136015
33.230251
100.000000
193.465103
100.000000
100.000000
100.000000
100.000000
100.000000
100.000000
100.000000
100.000000
100.000000
100.000000
100.000000
100.000000
100.000000
100.000000
100.000000
100.000000
100.000000
100.000000
100.000000
100.000000
100.000000
100.000000
100.000000
100.000000
100.000000
100.000000
100.000000
100.000000
100.000000
100.000000
100.000000
100.000000
100.000000
100.000000
100.000000
100.000000
100.000000
100.000000
100.000000
100.000000
100.000000
100.000000
100.000000
89.921539
79.403877
98.278664
104.349571
114.561897
63.373878
105.533379
78.465584
83.367943
88.382362
60.362652
91.321899
89.947922
59.738987
115.457932
55.715202
34.250309
22.739223
13.165180
12.563840
10.760200
11.702202
17.425335
23.808920
100.000000
25.393003
17.473869
7.868558
0.000000
11.479251
33.836166
28.349459
31.346703
60.998238
29.967325
33.780525
36.867195
41.707760
34.272713
33.000004
65.267998
50.505650
45.272255
39.769012
38.421303
100.000000
100.000000
100.000000
100.000000
100.000000
100.000000
100.000000
100.000000
100.000000
100.000000
100.000000
100.000000
100.000000
100.000000
100.000000
100.000000
100.000000
100.000000
100.000000
100.000000
100.000000
100.000000
100.000000
100.000000
100.000000
100.000000
100.000000
100.000000
100.000000
100.000000
100.000000
100.000000
100.000000
100.000000
100.000000
100.000000
100.000000
100.000000
100.000000
100.000000
100.000000
100.000000
100.000000
100.000000
100.000000
65.699120
70.240990
66.969810
77.468964
101.728416
91.160042
87.513748
85.459717
65.580544
53.402725
72.070190
84.445328
66.047356
75.674812
102.297920
45.258980
31.416153
32.791454
45.559540
17.682133
11.464186
14.884131
17.469288
24.072538
133.662979
32.095901
42.051929
25.143255
11.479251
0.000000
42.324284
40.045696
84.021217
86.679375
44.076550
36.909660
47.336342
79.604858
68.490479
33.873379
34.266624
71.007347
41.946075
44.743156
43.214233
100.000000
190.250244
100.000000
100.000000
100.000000
100.000000
100.000000
100.000000
100.000000
100.000000
100.000000
100.000000
100.000000
100.000000
100.000000
100.000000
100.000000
100.000000
100.000000
100.000000
100.000000
100.000000
100.000000
100.000000
100.000000
100.000000
100.000000
100.000000
100.000000
100.000000
100.000000
100.000000
100.000000
100.000000
100.000000
100.000000
100.000000
100.000000
100.000000
100.000000
100.000000
100.000000
100.000000
100.000000
100.000000
65.310722
55.659370
92.706779
82.840485
55.360867
57.065933
86.735718
71.046715
80.653854
64.777725
59.678677
97.271065
71.514587
69.821434
99.372314
60.135189
53.566452
45.484337
42.905277
34.662159
33.597088
37.546478
41.580906
41.921822
115.453979
89.577072
41.512230
36.115391
33.836166
42.324284
0.000000
6.443199
10.130665
16.899353
26.764057
31.790009
15.913896
9.034517
6.001608
7.463336
15.350602
11.310317
15.283151
19.757721
32.011703
52.427082
39.162357
47.886940
106.148499
76.273209
58.213531
37.727592
60.401115
40.232304
45.981888
55.485184
55.247238
62.980320
51.719982
52.199867
100.000000
100.000000
100.000000
100.000000
100.000000
100.000000
100.000000
100.000000
100.000000
100.000000
100.000000
100.000000
100.000000
100.000000
100.000000
100.000000
100.000000
100.000000
100.000000
100.000000
100.000000
100.000000
100.000000
100.000000
100.000000
100.000000
100.000000
100.000000
100.000000
100.000000
79.719666
89.137543
86.435570
50.316322
65.113251
63.590237
65.897499
88.290375
93.860901
80.093353
82.973831
73.227226
89.210243
82.280823
86.739510
62.507935
54.724369
53.030621
41.910679
35.428715
30.645151
30.835384
36.536583
53.067986
102.867554
96.224014
47.509445
32.801403
28.349459
40.045696
6.443199
0.000000
5.230554
13.273845
25.209307
26.743351
14.000379
6.792300
6.137740
6.334866
12.098692
12.212374
13.578980
17.577703
27.847260
49.616638
40.304779
41.467941
42.199955
51.190037
53.874435
37.123241
39.404266
36.903427
55.214336
80.755043
51.889000
63.635853
55.654591
48.194504
100.000000
100.000000
100.000000
100.000000
100.000000
100.000000
100.000000
100.000000
100.000000
100.000000
100.000000
100.000000
100.000000
100.000000
100.000000
100.000000
100.000000
100.000000
100.000000
100.000000
100.000000
100.000000
100.000000
100.000000
100.000000
100.000000
100.000000
100.000000
100.000000
100.000000
79.873940
89.246658
75.640999
85.661072
112.484146
95.346916
78.965263
90.593178
91.587898
74.972969
83.149559
78.881310
77.253197
87.394836
124.281357
69.192047
51.622993
44.381477
34.647640
62.146843
31.279758
32.967941
45.793842
48.727417
120.101753
98.983589
63.281788
37.667374
31.346703
84.021217
10.130665
5.230554
0.000000
6.981339
18.237009
19.863272
9.816853
6.090932
8.374202
10.283583
19.336857
13.847108
14.970752
14.961038
25.871157
45.791832
73.852249
41.377781
86.863182
95.780678
46.307640
40.437576
43.896763
60.787785
58.017204
59.475178
46.240082
41.971882
53.440639
48.877899
100.000000
100.000000
100.000000
100.000000
100.000000
100.000000
100.000000
100.000000
100.000000
100.000000
100.000000
100.000000
100.000000
100.000000
100.000000
100.000000
100.000000
100.000000
100.000000
100.000000
100.000000
100.000000
100.000000
100.000000
100.000000
100.000000
100.000000
100.000000
100.000000
100.000000
84.597885
82.137436
78.820702
76.663185
84.272758
82.613747
94.856735
101.665504
96.248795
86.763374
76.608360
80.191292
83.069939
81.183182
90.213150
69.583519
43.964474
40.941296
41.745308
66.860092
65.247223
69.990021
38.069420
46.582603
126.018883
81.154800
42.378567
76.068504
60.998238
86.679375
16.899353
13.273845
6.981339
0.000000
10.978650
12.858638
11.192315
9.673532
14.309395
15.712008
37.096329
18.652134
16.963747
16.180271
22.280933
44.831577
43.386986
49.332764
44.060627
78.433342
51.696587
36.785347
44.339886
38.972218
69.836510
81.779358
58.442383
52.634258
48.571903
48.081623
100.000000
100.000000
100.000000
100.000000
100.000000
100.000000
100.000000
100.000000
100.000000
100.000000
100.000000
100.000000
100.000000
100.000000
100.000000
100.000000
100.000000
100.000000
100.000000
100.000000
100.000000
100.000000
100.000000
100.000000
100.000000
100.000000
100.000000
100.000000
100.000000
100.000000
76.468262
82.655891
78.100136
77.855850
110.738480
100.521942
81.100670
92.800545
74.901413
78.428230
82.715050
70.155884
81.496185
93.207893
86.459358
58.477016
42.529861
44.517010
35.463718
26.558065
30.483990
33.846199
37.339043
44.893524
150.862122
54.457478
39.071529
36.587727
29.967325
44.076550
26.764057
25.209307
18.237009
10.978650
0.000000
12.528988
17.536283
21.138815
23.670914
30.157284
48.837963
26.381691
23.810038
24.885653
25.372570
64.796913
55.990902
59.887287
79.677803
110.033501
54.798981
47.193752
68.905014
54.390526
67.006203
66.621613
75.302208
63.216461
69.205360
59.142529
100.000000
100.000000
100.000000
100.000000
100.000000
100.000000
100.000000
100.000000
100.000000
100.000000
100.000000
100.000000
100.000000
100.000000
100.000000
100.000000
100.000000
100.000000
100.000000
100.000000
100.000000
100.000000
100.000000
100.000000
100.000000
100.000000
100.000000
100.000000
100.000000
100.000000
74.464401
70.488686
85.040710
75.659134
88.346748
73.960930
88.061554
84.735878
77.961456
78.020531
65.184494
74.089134
77.705338
84.113983
121.462898
53.037365
52.602180
33.372154
38.835453
40.140312
31.718102
32.684841
30.453096
33.053303
115.946213
65.229057
36.106182
32.693436
33.780525
36.909660
31.790009
26.743351
19.863272
12.858638
12.528988
0.000000
8.974666
15.656261
23.654114
28.324816
32.135078
22.410769
17.486237
13.368406
12.535681
76.258598
78.640976
146.561142
78.811867
132.661011
64.431953
91.402870
71.641991
71.718559
89.161522
55.834484
65.936440
84.502701
97.117386
75.043724
100.000000
100.000000
100.000000
100.000000
100.000000
100.000000
100.000000
100.000000
100.000000
100.000000
100.000000
100.000000
100.000000
100.000000
100.000000
100.000000
100.000000
100.000000
100.000000
100.000000
168.276245
153.610443
100.000000
177.326736
100.000000
100.000000
100.000000
100.000000
100.000000
100.000000
76.925720
79.880310
99.503777
99.414986
105.992172
92.843300
89.756508
66.873680
86.908981
81.057304
78.731514
92.517990
126.279137
102.829613
100.844559
61.321083
44.385658
32.758656
41.004910
37.962402
33.750168
42.194542
28.468834
35.079517
109.258934
38.154400
32.106552
28.898165
36.867195
47.336342
15.913896
14.000379
9.816853
11.192315
17.536283
8.974666
0.000000
7.243084
12.325941
16.135529
18.736231
13.828191
8.873188
6.732267
14.725819
73.750252
62.775848
139.571869
79.872139
133.250336
59.401394
70.390945
66.413971
53.959579
71.145424
55.730656
53.022533
56.505013
60.177452
58.766289
100.000000
100.000000
100.000000
100.000000
100.000000
100.000000
100.000000
100.000000
100.000000
100.000000
100.000000
100.000000
100.000000
100.000000
100.000000
100.000000
100.000000
100.000000
100.000000
100.000000
225.908081
100.000000
100.000000
100.000000
100.000000
100.000000
100.000000
100.000000
100.000000
100.000000
64.136589
69.856003
105.017174
106.567200
107.037979
82.549698
104.567589
57.232952
96.479912
66.518784
68.050949
95.372856
68.745590
89.762718
73.437057
62.683273
59.907009
39.982327
42.453773
40.005936
37.158848
30.174210
34.169937
47.013958
120.328972
81.431694
38.448689
34.287815
41.707760
79.604858
9.034517
6.792300
6.090932
9.673532
21.138815
15.656261
7.243084
0.000000
6.039266
9.060320
12.802505
8.692521
7.742872
9.439245
18.748844
64.088158
50.353558
67.723488
101.881592
123.030907
120.218536
56.723759
67.247231
65.906906
66.988579
56.248371
59.495880
48.866035
71.604652
50.102657
100.000000
100.000000
100.000000
100.000000
100.000000
100.000000
100.000000
100.000000
100.000000
100.000000
100.000000
100.000000
100.000000
100.000000
100.000000
100.000000
100.000000
100.000000
100.000000
100.000000
100.000000
100.000000
100.000000
100.000000
100.000000
100.000000
100.000000
100.000000
100.000000
100.000000
69.021591
86.828049
114.107300
117.918694
113.940598
91.198616
101.059273
55.165607
77.675629
71.984520
61.260262
89.932236
80.408096
113.105339
121.111252
59.173168
41.207485
39.327038
34.400322
34.385975
27.418953
31.019361
33.505184
39.753117
130.246735
74.044701
33.770966
30.832657
34.272713
68.490479
6.001608
6.137740
8.374202
14.309395
23.670914
23.654114
12.325941
6.039266
0.000000
5.306295
8.715869
6.283844
9.757228
13.329647
28.276192
69.419456
42.866844
52.266361
119.284912
123.083908
81.856865
37.882057
53.027267
44.806164
49.170563
48.958164
58.543926
48.801876
62.117474
51.328144
100.000000
100.000000
100.000000
100.000000
100.000000
100.000000
100.000000
100.000000
100.000000
100.000000
100.000000
100.000000
100.000000
100.000000
100.000000
100.000000
100.000000
100.000000
100.000000
100.000000
100.000000
100.000000
100.000000
100.000000
100.000000
100.000000
100.000000
100.000000
100.000000
100.000000
74.869568
76.658875
109.397987
116.146172
63.250744
60.697906
67.205040
58.233673
70.442230
88.315407
59.138577
96.542641
110.686157
100.552589
85.335587
69.152740
47.472771
33.749271
40.554344
38.417873
36.012981
31.895006
35.253819
39.265697
98.685532
80.551811
37.341549
32.226208
33.000004
33.873379
7.463336
6.334866
10.283583
15.712008
30.157284
28.324816
16.135529
9.060320
5.306295
0.000000
9.575597
9.155955
15.184095
14.640184
27.734964
50.954174
47.661125
47.245247
133.609543
52.823456
48.889091
42.531067
43.632545
51.016529
53.926540
53.118675
42.904549
60.059219
53.524761
43.919289
100.000000
100.000000
100.000000
100.000000
100.000000
100.000000
100.000000
100.000000
100.000000
100.000000
100.000000
100.000000
100.000000
100.000000
100.000000
100.000000
100.000000
100.000000
100.000000
100.000000
100.000000
100.000000
100.000000
100.000000
100.000000
100.000000
100.000000
100.000000
100.000000
100.000000
94.592628
78.566856
57.958607
48.208748
69.500374
81.138351
63.708393
53.992764
68.465729
76.425392
88.403557
66.450821
101.802139
53.198761
84.127266
70.393311
46.503094
39.148048
56.613895
42.043617
53.153812
45.114819
41.805794
45.792152
116.305367
50.006454
38.138550
52.364948
65.267998
34.266624
15.350602
12.098692
19.336857
37.096329
48.837963
32.135078
18.736231
12.802505
8.715869
9.575597
0.000000
9.440808
8.594792
14.338958
35.910057
128.936234
166.183426
131.380966
136.054398
123.709091
87.169739
122.214264
146.106400
66.067696
53.078568
42.434868
48.128376
130.923431
57.089832
133.540741
100.000000
100.000000
100.000000
100.000000
100.000000
100.000000
100.000000
100.000000
100.000000
100.000000
100.000000
100.000000
100.000000
100.000000
100.000000
100.000000
100.000000
100.000000
183.853195
100.000000
156.810059
169.735779
100.000000
174.468506
100.000000
100.000000
168.878906
100.000000
100.000000
100.000000
92.274132
71.529808
114.873116
51.201344
120.842110
65.721497
120.232086
86.336876
102.399551
88.066071
73.360214
128.109222
183.620117
144.234314
132.786758
77.369728
51.294464
43.865494
46.942196
46.553722
45.084587
37.048588
42.762718
44.247402
118.812241
81.531349
44.528046
42.171093
50.505650
71.007347
11.310317
12.212374
13.847108
18.652134
26.381691
22.410769
13.828191
8.692521
6.283844
9.155955
9.440808
0.000000
6.498539
12.450839
23.916147
101.692581
78.352608
178.477341
88.916687
138.699921
152.078857
67.389923
87.603256
80.759613
66.455925
79.155296
79.380058
71.770454
70.496101
63.723083
100.000000
100.000000
100.000000
100.000000
100.000000
100.000000
100.000000
100.000000
100.000000
100.000000
100.000000
100.000000
100.000000
100.000000
100.000000
100.000000
100.000000
100.000000
100.000000
100.000000
286.053589
100.000000
100.000000
100.000000
100.000000
100.000000
100.000000
100.000000
100.000000
100.000000
100.443169
88.149040
118.630226
127.575249
135.244385
99.057610
130.098694
112.380722
91.386383
101.585251
77.338593
97.591240
98.713203
118.447304
133.483597
63.653393
48.709854
35.300125
54.582848
38.398594
38.986698
36.112068
41.217461
44.305298
115.497887
91.102081
43.347755
36.855400
45.272255
41.946075
15.283151
13.578980
14.970752
16.963747
23.810038
17.486237
8.873188
7.742872
9.757228
15.184095
8.594792
6.498539
0.000000
7.039147
17.584551
100.241882
65.280266
139.103928
80.608459
111.850380
57.468937
59.357674
56.707996
59.566059
68.501175
63.348782
51.650280
73.402855
77.812279
52.034962
100.000000
100.000000
100.000000
100.000000
100.000000
100.000000
100.000000
100.000000
100.000000
100.000000
100.000000
100.000000
100.000000
100.000000
100.000000
100.000000
100.000000
100.000000
224.301422
100.000000
154.238235
168.465775
100.000000
100.000000
100.000000
100.000000
186.097214
100.000000
100.000000
100.000000
79.561485
86.052071
117.776161
94.685135
79.340561
88.821579
81.913048
68.937759
91.963974
108.257736
77.552322
83.345551
101.318184
77.171692
95.416916
63.086246
41.383038
35.461193
41.609264
38.191410
34.471771
28.564882
28.857679
29.520668
116.162521
75.835121
33.674805
30.136015
39.769012
44.743156
19.757721
17.577703
14.961038
16.180271
24.885653
13.368406
6.732267
9.439245
13.329647
14.640184
14.338958
12.450839
7.039147
0.000000
10.008832
59.620495
66.873100
66.507782
106.542892
129.093948
63.412521
70.831902
72.895828
61.999847
78.058243
59.742027
46.017151
63.397369
57.289188
62.243225
100.000000
100.000000
100.000000
100.000000
100.000000
100.000000
100.000000
100.000000
100.000000
100.000000
100.000000
100.000000
100.000000
100.000000
100.000000
100.000000
100.000000
100.000000
100.000000
100.000000
164.258667
100.000000
100.000000
190.055557
100.000000
100.000000
181.244354
100.000000
100.000000
100.000000
71.361900
74.704857
126.493095
73.046043
134.368256
53.188133
115.621948
47.787426
52.992294
83.729286
78.717072
102.077530
64.777985
107.687614
72.522881
78.944443
48.180801
35.698456
52.915867
39.336319
33.429028
29.409603
30.216898
36.818039
122.073257
60.577438
29.667683
33.230251
38.421303
43.214233
32.011703
27.847260
25.871157
22.280933
25.372570
12.535681
14.725819
18.748844
28.276192
27.734964
35.910057
23.916147
17.584551
10.008832
0.000000
104.624222
95.522636
102.711861
108.844032
152.774796
70.079689
92.309044
93.496025
92.004341
112.454872
90.280960
100.524216
116.332390
107.422676
92.659401
100.000000
100.000000
100.000000
100.000000
100.000000
100.000000
100.000000
100.000000
100.000000
100.000000
100.000000
100.000000
100.000000
100.000000
100.000000
100.000000
100.000000
100.000000
149.880539
100.000000
140.595016
146.877533
100.000000
174.135773
100.000000
100.000000
180.981461
277.312836
100.000000
100.000000
85.640724
90.739983
112.927116
100.886261
76.781670
83.670959
98.445496
74.683533
106.704628
84.092506
63.171768
101.048759
83.177147
110.842354
119.708588
100.000000
100.000000
122.193588
100.000000
100.000000
100.000000
100.000000
102.553162
157.852554
100.000000
100.000000
178.460678
100.000000
100.000000
100.000000
52.427082
49.616638
45.791832
44.831577
64.796913
76.258598
73.750252
64.088158
69.419456
50.954174
128.936234
101.692581
100.241882
59.620495
104.624222
0.000000
5.548220
11.315151
21.906948
39.588062
44.074417
20.565228
13.449780
8.052109
5.110047
7.767019
9.600632
13.917264
19.712450
29.937014
100.000000
100.000000
100.000000
100.000000
100.000000
100.000000
100.000000
100.000000
100.000000
100.000000
100.000000
100.000000
100.000000
100.000000
100.000000
100.000000
100.000000
100.000000
100.000000
100.000000
100.000000
100.000000
100.000000
100.000000
100.000000
100.000000
100.000000
100.000000
100.000000
100.000000
97.188583
66.716774
113.411606
65.693382
106.852844
103.224419
86.077034
68.242744
68.757828
102.002068
73.289543
67.561913
108.131622
68.533089
77.311333
100.000000
100.000000
100.000000
100.000000
100.000000
100.000000
100.000000
89.104622
177.837860
100.000000
100.000000
109.050018
193.465103
100.000000
190.250244
39.162357
40.304779
73.852249
43.386986
55.990902
78.640976
62.775848
50.353558
42.866844
47.661125
166.183426
78.352608
65.280266
66.873100
95.522636
5.548220
0.000000
7.784616
17.712162
29.192400
31.030067
16.166380
8.265215
3.885925
4.779574
5.674832
6.911338
9.108951
16.877590
27.546120
100.000000
100.000000
100.000000
100.000000
100.000000
100.000000
100.000000
100.000000
100.000000
100.000000
100.000000
100.000000
100.000000
100.000000
100.000000
100.000000
100.000000
100.000000
100.000000
100.000000
100.000000
100.000000
100.000000
100.000000
100.000000
100.000000
100.000000
100.000000
100.000000
100.000000
102.956886
87.943741
84.286774
53.311131
55.559303
52.659084
58.726536
88.000778
68.748535
122.550629
106.535202
120.322662
101.419441
49.274761
68.547012
100.000000
100.000000
100.000000
100.000000
100.000000
100.000000
100.000000
100.000000
100.000000
100.000000
100.000000
100.000000
100.000000
100.000000
100.000000
47.886940
41.467941
41.377781
49.332764
59.887287
146.561142
139.571869
67.723488
52.266361
47.245247
131.380966
178.477341
139.103928
66.507782
102.711861
11.315151
7.784616
0.000000
11.770535
27.073044
26.432163
11.408257
4.928993
7.197236
10.116862
10.367245
7.724075
7.742206
11.003700
20.612547
100.000000
100.000000
100.000000
100.000000
100.000000
100.000000
100.000000
100.000000
100.000000
100.000000
100.000000
100.000000
100.000000
100.000000
100.000000
100.000000
100.000000
100.000000
100.000000
100.000000
125.004036
228.502655
100.000000
218.067993
100.000000
100.000000
100.000000
100.000000
100.000000
100.000000
112.532959
117.737823
85.096443
67.310120
60.602318
124.391861
63.332291
104.873245
104.114815
125.340904
88.979057
114.387070
99.968536
105.699089
59.646130
100.000000
100.000000
100.000000
100.000000
100.000000
100.000000
100.000000
100.000000
100.000000
100.000000
100.000000
100.000000
100.000000
100.000000
100.000000
106.148499
42.199955
86.863182
44.060627
79.677803
78.811867
79.872139
101.881592
119.284912
133.609543
136.054398
88.916687
80.608459
106.542892
108.844032
21.906948
17.712162
11.770535
0.000000
22.259703
25.379532
10.442283
14.881734
24.943735
24.605402
57.964035
26.579710
24.096123
15.023927
25.018429
100.000000
100.000000
100.000000
100.000000
100.000000
100.000000
100.000000
100.000000
100.000000
100.000000
100.000000
100.000000
100.000000
100.000000
100.000000
100.000000
100.000000
100.000000
104.785782
100.000000
158.307800
96.130135
100.000000
86.560730
100.000000
100.064041
186.755249
91.723755
100.000000
114.885986
105.753868
146.896820
99.128197
83.962349
105.050148
109.976830
88.694511
120.061592
131.385498
136.830505
96.164719
133.898865
133.792267
106.936607
127.376648
100.000000
100.000000
100.000000
100.000000
100.000000
100.000000
100.000000
100.000000
100.000000
100.000000
100.000000
100.000000
100.000000
100.000000
100.000000
76.273209
51.190037
95.780678
78.433342
110.033501
132.661011
133.250336
123.030907
123.083908
52.823456
123.709091
138.699921
111.850380
129.093948
152.774796
39.588062
29.192400
27.073044
22.259703
0.000000
9.375969
16.158863
24.632669
28.631870
30.855604
27.414722
27.742130
23.780975
20.386652
22.050583
100.000000
100.000000
100.000000
100.000000
100.000000
100.000000
100.000000
100.000000
100.000000
100.000000
100.000000
100.000000
100.000000
100.000000
100.000000
100.000000
100.000000
167.389893
86.880569
100.000000
136.835052
132.565353
100.000000
167.460724
100.000000
198.216232
139.106155
163.784561
100.000000
147.253525
86.792068
77.103165
66.587883
62.787853
70.465149
66.763390
63.771263
55.936062
78.993263
117.372963
76.729080
78.830399
138.044571
83.565880
62.974289
100.000000
100.000000
100.000000
100.000000
100.000000
100.000000
100.000000
100.000000
100.000000
100.000000
100.000000
100.000000
100.000000
100.000000
100.000000
58.213531
53.874435
46.307640
51.696587
54.798981
64.431953
59.401394
120.218536
81.856865
48.889091
87.169739
152.078857
57.468937
63.412521
70.079689
44.074417
31.030067
26.432163
25.379532
9.375969
0.000000
15.025494
24.179935
30.890530
35.739738
31.819635
29.175463
22.518818
17.908869
15.408753
100.000000
100.000000
100.000000
100.000000
100.000000
100.000000
100.000000
100.000000
100.000000
100.000000
100.000000
100.000000
100.000000
100.000000
100.000000
100.000000
100.000000
123.581299
114.749001
100.000000
88.153778
91.916901
100.000000
105.080223
100.000000
148.324387
81.988930
159.419998
100.000000
172.894653
105.052208
122.691193
95.267143
65.196770
82.127296
88.910675
59.680653
71.605225
126.938766
115.978043
112.814018
89.788109
123.520676
59.904415
81.575966
100.000000
100.000000
100.000000
100.000000
100.000000
100.000000
100.000000
100.000000
100.000000
100.000000
100.000000
100.000000
100.000000
100.000000
100.000000
37.727592
37.123241
40.437576
36.785347
47.193752
91.402870
70.390945
56.723759
37.882057
42.531067
122.214264
67.389923
59.357674
70.831902
92.309044
20.565228
16.166380
11.408257
10.442283
16.158863
15.025494
0.000000
12.004702
11.939461
19.853708
18.402708
14.650831
11.835296
8.338693
14.069086
100.000000
100.000000
100.000000
100.000000
100.000000
100.000000
100.000000
100.000000
100.000000
100.000000
100.000000
100.000000
100.000000
100.000000
100.000000
100.000000
100.000000
100.000000
100.000000
100.000000
100.000000
100.000000
100.000000
100.000000
100.000000
100.000000
100.000000
100.000000
100.000000
100.000000
95.980736
90.893959
91.060349
54.383167
56.371178
96.787209
52.243858
55.125549
93.484398
88.867805
97.096741
106.542473
106.658302
105.665741
68.208755
100.000000
100.000000
100.000000
100.000000
100.000000
100.000000
100.000000
100.000000
100.000000
100.000000
100.000000
100.000000
100.000000
100.000000
100.000000
60.401115
39.404266
43.896763
44.339886
68.905014
71.641991
66.413971
67.247231
53.027267
43.632545
146.106400
87.603256
56.707996
72.895828
93.496025
13.449780
8.265215
4.928993
14.881734
24.632669
24.179935
12.004702
0.000000
7.588145
9.881436
11.021822
8.381769
6.089432
9.795667
19.760849
100.000000
100.000000
100.000000
100.000000
100.000000
100.000000
100.000000
100.000000
100.000000
100.000000
100.000000
100.000000
100.000000
100.000000
100.000000
100.000000
100.000000
100.000000
100.000000
100.000000
207.837189
114.859268
100.000000
224.153366
100.000000
100.000000
104.499626
100.000000
100.000000
100.000000
87.283829
91.336456
98.511711
69.395180
124.385757
89.374779
115.742737
106.067329
88.666840
134.163254
106.978859
100.358261
104.393013
118.396706
126.216530
100.000000
100.000000
100.000000
100.000000
100.000000
100.000000
100.000000
100.000000
100.000000
100.000000
100.000000
100.000000
100.000000
100.000000
100.000000
40.232304
36.903427
60.787785
38.972218
54.390526
71.718559
53.959579
65.906906
44.806164
51.016529
66.067696
80.759613
59.566059
61.999847
92.004341
8.052109
3.885925
7.197236
24.943735
28.631870
30.890530
11.939461
7.588145
0.000000
5.695813
5.994412
3.649415
6.725438
14.157866
22.430063
100.000000
100.000000
100.000000
100.000000
100.000000
100.000000
100.000000
100.000000
100.000000
100.000000
100.000000
100.000000
100.000000
100.000000
100.000000
100.000000
100.000000
100.000000
100.000000
100.000000
100.000000
100.000000
100.000000
100.000000
100.000000
100.000000
100.000000
100.000000
100.000000
100.000000
78.524162
69.991371
92.205894
79.189819
61.773563
61.387302
65.828743
100.990860
62.156456
103.283676
117.709106
97.100273
78.943283
112.301659
65.537071
100.000000
100.000000
100.000000
100.000000
100.000000
100.000000
100.000000
100.000000
100.000000
100.000000
100.000000
100.000000
100.000000
100.000000
100.000000
45.981888
55.214336
58.017204
69.836510
67.006203
89.161522
71.145424
66.988579
49.170563
53.926540
53.078568
66.455925
68.501175
78.058243
112.454872
5.110047
4.779574
10.116862
24.605402
30.855604
35.739738
19.853708
9.881436
5.695813
0.000000
2.744375
7.294162
10.503450
17.123882
26.658634
100.000000
100.000000
100.000000
100.000000
100.000000
100.000000
100.000000
100.000000
100.000000
100.000000
100.000000
100.000000
100.000000
100.000000
100.000000
100.000000
100.000000
100.000000
100.000000
100.000000
83.111412
81.698753
100.000000
87.207512
100.000000
100.000000
116.855934
100.000000
100.000000
100.000000
111.858101
113.542107
81.824074
74.377686
62.673290
64.517899
67.492950
71.979805
76.916969
111.269058
110.200729
127.104126
128.377640
79.364838
62.508377
100.000000
100.000000
100.000000
100.000000
100.000000
100.000000
100.000000
100.000000
100.000000
100.000000
100.000000
100.000000
100.000000
100.000000
100.000000
55.485184
80.755043
59.475178
81.779358
66.621613
55.834484
55.730656
56.248371
48.958164
53.118675
42.434868
79.155296
63.348782
59.742027
90.280960
7.767019
5.674832
10.367245
57.964035
27.414722
31.819635
18.402708
11.021822
5.994412
2.744375
0.000000
6.027889
9.192852
15.372883
25.967585
100.000000
100.000000
100.000000
100.000000
100.000000
100.000000
100.000000
100.000000
100.000000
100.000000
100.000000
100.000000
100.000000
100.000000
100.000000
100.000000
100.000000
100.000000
103.066109
100.000000
88.012947
67.127525
100.000000
94.629066
100.000000
80.056557
113.615166
181.899277
100.000000
100.000000
86.282127
84.386642
103.225716
71.799919
68.917549
123.438301
76.239716
75.122482
85.664268
139.231796
112.547028
93.202950
126.795662
75.054726
81.043182
100.000000
100.000000
100.000000
100.000000
100.000000
100.000000
100.000000
100.000000
100.000000
100.000000
100.000000
100.000000
100.000000
100.000000
100.000000
55.247238
51.889000
46.240082
58.442383
75.302208
65.936440
53.022533
59.495880
58.543926
42.904549
48.128376
79.380058
51.650280
46.017151
100.524216
9.600632
6.911338
7.724075
26.579710
27.742130
29.175463
14.650831
8.381769
3.649415
7.294162
6.027889
0.000000
6.444324
11.625483
22.098379
100.000000
100.000000
100.000000
100.000000
100.000000
100.000000
100.000000
100.000000
100.000000
100.000000
100.000000
100.000000
100.000000
100.000000
100.000000
100.000000
100.000000
100.000000
100.000000
100.000000
101.975922
78.872612
100.000000
101.522766
100.000000
84.272461
179.549072
101.536377
100.000000
100.000000
92.101860
77.176071
58.705555
69.136017
79.660080
68.661629
74.278816
85.611267
85.008049
82.839577
83.982491
84.712112
118.554466
78.976311
79.518349
100.000000
100.000000
100.000000
100.000000
100.000000
100.000000
100.000000
100.000000
100.000000
100.000000
100.000000
100.000000
100.000000
100.000000
100.000000
62.980320
63.635853
41.971882
52.634258
63.216461
84.502701
56.505013
48.866035
48.801876
60.059219
130.923431
71.770454
73.402855
63.397369
116.332390
13.917264
9.108951
7.742206
24.096123
23.780975
22.518818
11.835296
6.089432
6.725438
10.503450
9.192852
6.444324
0.000000
7.161772
18.975290
100.000000
100.000000
100.000000
100.000000
100.000000
100.000000
100.000000
100.000000
100.000000
100.000000
100.000000
100.000000
100.000000
100.000000
100.000000
100.000000
100.000000
100.000000
249.696609
100.000000
102.261742
80.997986
100.000000
92.733261
100.000000
198.471344
187.604706
100.000000
100.000000
100.000000
79.208656
85.191666
59.785419
73.728355
124.289391
65.444878
74.558548
69.863754
76.765419
124.191803
70.520836
121.171692
108.988823
116.295395
67.557426
100.000000
100.000000
100.000000
100.000000
100.000000
100.000000
100.000000
100.000000
100.000000
100.000000
100.000000
100.000000
100.000000
100.000000
100.000000
51.719982
55.654591
53.440639
48.571903
69.205360
97.117386
60.177452
71.604652
62.117474
53.524761
57.089832
70.496101
77.812279
57.289188
107.422676
19.712450
16.877590
11.003700
15.023927
20.386652
17.908869
8.338693
9.795667
14.157866
17.123882
15.372883
11.625483
7.161772
0.000000
11.594598
100.000000
100.000000
100.000000
100.000000
100.000000
100.000000
100.000000
100.000000
100.000000
100.000000
100.000000
100.000000
100.000000
100.000000
100.000000
100.000000
100.000000
100.000000
248.403687
100.000000
97.527374
88.974503
100.000000
91.623001
100.000000
100.000000
122.834747
126.396049
100.000000
100.000000
113.101646
130.522202
106.242401
70.751083
60.400002
63.802711
56.852886
99.702553
109.502151
116.270515
122.487206
74.692505
110.431755
123.788757
123.220795
100.000000
100.000000
100.000000
100.000000
100.000000
100.000000
100.000000
100.000000
100.000000
100.000000
100.000000
100.000000
100.000000
100.000000
100.000000
52.199867
48.194504
48.877899
48.081623
59.142529
75.043724
58.766289
50.102657
51.328144
43.919289
133.540741
63.723083
52.034962
62.243225
92.659401
29.937014
27.546120
20.612547
25.018429
22.050583
15.408753
14.069086
19.760849
22.430063
26.658634
25.967585
22.098379
18.975290
11.594598
0.000000
100.000000
100.000000
100.000000
100.000000
100.000000
100.000000
100.000000
100.000000
100.000000
100.000000
100.000000
100.000000
100.000000
100.000000
100.000000
100.000000
100.000000
100.000000
251.230988
100.000000
162.284592
112.129341
100.000000
125.066368
100.000000
100.000000
105.422882
100.000000
100.000000
100.000000
93.162788
93.338142
103.062614
53.385468
110.402679
56.012741
61.801163
70.091660
72.618538
100.405540
88.566650
95.941467
93.199516
68.978622
71.437134
100.000000
100.000000
100.000000
100.000000
100.000000
100.000000
100.000000
100.000000
100.000000
100.000000
100.000000
100.000000
100.000000
100.000000
100.000000
100.000000
100.000000
100.000000
100.000000
100.000000
100.000000
100.000000
100.000000
100.000000
100.000000
100.000000
100.000000
100.000000
100.000000
100.000000
100.000000
100.000000
100.000000
100.000000
100.000000
100.000000
100.000000
100.000000
100.000000
100.000000
100.000000
100.000000
100.000000
100.000000
100.000000
0.000000
16.166117
24.779873
34.352211
48.766384
52.211372
36.418793
22.339579
14.556827
7.234907
14.041000
22.320677
39.458160
54.051453
69.290932
29.239899
33.433887
50.731335
46.901798
53.811272
65.173378
59.982777
38.807808
56.445759
38.362324
55.017693
43.739113
68.810547
69.201149
79.083519
100.000000
100.000000
100.000000
100.000000
100.000000
100.000000
100.000000
100.000000
100.000000
100.000000
100.000000
100.000000
100.000000
100.000000
100.000000
100.000000
100.000000
100.000000
100.000000
100.000000
100.000000
100.000000
100.000000
100.000000
100.000000
100.000000
100.000000
100.000000
100.000000
100.000000
100.000000
100.000000
100.000000
100.000000
100.000000
100.000000
100.000000
100.000000
100.000000
100.000000
100.000000
100.000000
100.000000
100.000000
100.000000
100.000000
100.000000
100.000000
100.000000
100.000000
100.000000
100.000000
100.000000
100.000000
100.000000
100.000000
100.000000
100.000000
100.000000
100.000000
16.166117
0.000000
12.298649
25.541168
40.507519
48.595131
23.058592
12.974676
10.995163
18.447641
20.706829
15.831040
18.887339
31.103203
41.827381
29.018612
33.944527
33.338711
38.375702
46.067547
58.211391
49.344841
30.721910
32.250793
31.477737
34.095825
25.880205
52.599621
83.575592
75.142334
100.000000
100.000000
100.000000
100.000000
100.000000
100.000000
100.000000
100.000000
100.000000
100.000000
100.000000
100.000000
100.000000
100.000000
100.000000
100.000000
100.000000
100.000000
100.000000
100.000000
100.000000
100.000000
100.000000
100.000000
100.000000
100.000000
100.000000
100.000000
100.000000
100.000000
100.000000
100.000000
100.000000
100.000000
100.000000
100.000000
100.000000
100.000000
100.000000
100.000000
100.000000
100.000000
100.000000
100.000000
100.000000
100.000000
100.000000
100.000000
100.000000
100.000000
100.000000
100.000000
100.000000
100.000000
100.000000
100.000000
100.000000
100.000000
100.000000
100.000000
24.779873
12.298649
0.000000
14.988938
30.933283
28.794968
13.335309
7.147138
15.463277
32.891914
22.752188
18.342381
8.598435
16.601181
31.462132
36.322418
24.902552
32.215931
38.171368
39.758270
68.870201
36.887302
25.866581
42.286160
31.741461
38.893368
29.131617
41.318638
86.839775
63.770844
100.000000
100.000000
100.000000
100.000000
100.000000
100.000000
100.000000
100.000000
100.000000
100.000000
100.000000
100.000000
100.000000
100.000000
100.000000
100.000000
100.000000
100.000000
100.000000
100.000000
100.000000
100.000000
100.000000
100.000000
100.000000
100.000000
100.000000
100.000000
100.000000
100.000000
100.000000
100.000000
100.000000
100.000000
100.000000
100.000000
100.000000
100.000000
100.000000
100.000000
100.000000
100.000000
100.000000
100.000000
100.000000
100.000000
100.000000
100.000000
100.000000
100.000000
100.000000
100.000000
100.000000
100.000000
100.000000
100.000000
100.000000
100.000000
100.000000
100.000000
34.352211
25.541168
14.988938
0.000000
19.438303
17.655872
5.699718
15.544106
31.620468
42.488117
33.417393
34.689476
13.435515
16.752743
23.272327
35.492325
26.936796
31.210608
25.080671
25.411274
45.811333
30.343193
36.763603
46.352943
35.809071
60.943363
39.849667
39.769974
69.622620
53.208828
100.000000
100.000000
100.000000
100.000000
100.000000
100.000000
100.000000
100.000000
100.000000
100.000000
100.000000
100.000000
100.000000
100.000000
100.000000
100.000000
100.000000
100.000000
100.000000
100.000000
100.000000
100.000000
100.000000
100.000000
100.000000
100.000000
100.000000
100.000000
100.000000
100.000000
100.000000
100.000000
100.000000
100.000000
100.000000
100.000000
100.000000
100.000000
100.000000
100.000000
100.000000
100.000000
100.000000
100.000000
100.000000
100.000000
100.000000
100.000000
100.000000
100.000000
100.000000
100.000000
100.000000
100.000000
100.000000
100.000000
100.000000
100.000000
100.000000
100.000000
48.766384
40.507519
30.933283
19.438303
0.000000
11.218127
21.193972
25.873873
39.071796
48.102303
43.980831
40.045036
26.149620
21.664341
14.742177
39.167118
39.157578
42.025482
28.594654
18.385260
31.037338
32.051483
29.017576
58.734398
50.114464
58.414593
46.081215
40.057514
30.014313
28.884398
100.000000
100.000000
100.000000
100.000000
100.000000
100.000000
100.000000
100.000000
100.000000
100.000000
100.000000
100.000000
100.000000
100.000000
100.000000
100.000000
100.000000
100.000000
100.000000
100.000000
100.000000
100.000000
100.000000
100.000000
100.000000
100.000000
100.000000
100.000000
100.000000
100.000000
100.000000
100.000000
100.000000
100.000000
100.000000
100.000000
100.000000
100.000000
100.000000
100.000000
100.000000
100.000000
100.000000
100.000000
100.000000
100.000000
100.000000
100.000000
100.000000
100.000000
100.000000
100.000000
100.000000
100.000000
100.000000
100.000000
100.000000
100.000000
100.000000
100.000000
52.211372
48.595131
28.794968
17.655872
11.218127
0.000000
18.501385
31.664171
44.437515
56.977642
45.579716
39.593567
32.590347
22.609194
11.365255
53.097271
44.490913
48.979538
25.339914
27.004408
23.089849
35.647774
33.378441
63.809818
61.149189
65.715103
38.185028
52.930473
36.992199
29.289429
100.000000
100.000000
100.000000
100.000000
100.000000
100.000000
100.000000
100.000000
100.000000
100.000000
100.000000
100.000000
100.000000
100.000000
100.000000
100.000000
100.000000
100.000000
100.000000
100.000000
100.000000
100.000000
100.000000
100.000000
100.000000
100.000000
100.000000
100.000000
100.000000
100.000000
100.000000
100.000000
100.000000
100.000000
100.000000
100.000000
100.000000
100.000000
100.000000
100.000000
100.000000
100.000000
100.000000
100.000000
100.000000
100.000000
100.000000
100.000000
100.000000
100.000000
100.000000
100.000000
100.000000
100.000000
100.000000
100.000000
100.000000
100.000000
100.000000
100.000000
36.418793
23.058592
13.335309
5.699718
21.193972
18.501385
0.000000
12.925664
22.753601
43.145844
36.183132
26.059414
11.205176
15.079276
26.532999
37.505516
27.505596
31.143656
27.039049
28.175545
33.222893
30.520828
30.393963
42.929611
34.060112
49.705742
36.053139
39.302330
30.059401
51.486214
100.000000
100.000000
100.000000
100.000000
100.000000
100.000000
100.000000
100.000000
100.000000
100.000000
100.000000
100.000000
100.000000
100.000000
100.000000
100.000000
100.000000
100.000000
100.000000
100.000000
100.000000
100.000000
100.000000
100.000000
100.000000
100.000000
100.000000
100.000000
100.000000
100.000000
100.000000
100.000000
100.000000
100.000000
100.000000
100.000000
100.000000
100.000000
100.000000
100.000000
100.000000
100.000000
100.000000
100.000000
100.000000
100.000000
100.000000
100.000000
100.000000
100.000000
100.000000
100.000000
100.000000
100.000000
100.000000
100.000000
100.000000
100.000000
100.000000
100.000000
22.339579
12.974676
7.147138
15.544106
25.873873
31.664171
12.925664
0.000000
13.284186
28.374821
24.608290
15.981813
7.993579
23.623554
39.396366
29.310621
28.814455
29.922340
31.174267
37.752926
43.134850
28.808249
26.816877
35.010475
40.057407
43.736923
28.178852
33.252426
36.953865
48.119820
100.000000
100.000000
100.000000
100.000000
100.000000
100.000000
100.000000
100.000000
100.000000
100.000000
100.000000
100.000000
100.000000
100.000000
100.000000
100.000000
100.000000
100.000000
100.000000
100.000000
100.000000
100.000000
100.000000
100.000000
100.000000
100.000000
100.000000
100.000000
100.000000
100.000000
100.000000
100.000000
100.000000
100.000000
100.000000
100.000000
100.000000
100.000000
100.000000
100.000000
100.000000
100.000000
100.000000
100.000000
100.000000
100.000000
100.000000
100.000000
100.000000
100.000000
100.000000
100.000000
100.000000
100.000000
100.000000
100.000000
100.000000
100.000000
100.000000
100.000000
14.556827
10.995163
15.463277
31.620468
39.071796
44.437515
22.753601
13.284186
0.000000
13.976452
13.351249
8.397173
17.809708
31.240282
48.243324
28.507854
28.247837
43.190952
47.538368
50.430511
53.405811
34.852512
24.542027
36.445286
30.534920
49.866810
40.515202
41.831810
56.011368
70.947342
100.000000
100.000000
100.000000
100.000000
100.000000
100.000000
100.000000
100.000000
100.000000
100.000000
100.000000
100.000000
100.000000
100.000000
100.000000
100.000000
100.000000
100.000000
100.000000
100.000000
100.000000
100.000000
100.000000
100.000000
100.000000
100.000000
100.000000
100.000000
100.000000
100.000000
100.000000
100.000000
100.000000
100.000000
100.000000
100.000000
100.000000
100.000000
100.000000
100.000000
100.000000
100.000000
100.000000
100.000000
100.000000
100.000000
100.000000
100.000000
100.000000
100.000000
100.000000
100.000000
100.000000
100.000000
100.000000
100.000000
100.000000
100.000000
100.000000
100.000000
7.234907
18.447641
32.891914
42.488117
48.102303
56.977642
43.145844
28.374821
13.976452
0.000000
10.845224
20.230825
32.714096
45.590736
62.813324
32.420139
34.074234
36.636696
47.502663
56.569435
81.095955
48.422989
35.430714
38.814659
33.531597
57.043480
41.105053
43.964527
39.663471
56.751171
100.000000
100.000000
100.000000
100.000000
100.000000
100.000000
100.000000
100.000000
100.000000
100.000000
100.000000
100.000000
100.000000
100.000000
100.000000
100.000000
100.000000
100.000000
100.000000
100.000000
100.000000
100.000000
100.000000
100.000000
100.000000
100.000000
100.000000
100.000000
100.000000
100.000000
100.000000
100.000000
100.000000
100.000000
100.000000
100.000000
100.000000
100.000000
100.000000
100.000000
100.000000
100.000000
100.000000
100.000000
100.000000
100.000000
100.000000
100.000000
100.000000
100.000000
100.000000
100.000000
100.000000
100.000000
100.000000
100.000000
100.000000
100.000000
100.000000
100.000000
14.041000
20.706829
22.752188
33.417393
43.980831
45.579716
36.183132
24.608290
13.351249
10.845224
0.000000
18.210197
24.854300
39.271030
46.734600
31.987181
38.675240
56.025986
59.476715
65.844986
62.747124
50.315140
37.785225
67.817360
47.056316
42.736149
37.721592
35.929455
45.317108
51.024254
100.000000
100.000000
100.000000
100.000000
100.000000
100.000000
100.000000
100.000000
100.000000
100.000000
100.000000
100.000000
100.000000
100.000000
100.000000
100.000000
100.000000
100.000000
100.000000
100.000000
100.000000
100.000000
100.000000
100.000000
100.000000
100.000000
100.000000
100.000000
100.000000
100.000000
100.000000
100.000000
100.000000
100.000000
100.000000
100.000000
100.000000
100.000000
100.000000
100.000000
100.000000
100.000000
100.000000
100.000000
100.000000
100.000000
100.000000
100.000000
100.000000
100.000000
100.000000
100.000000
100.000000
100.000000
100.000000
100.000000
100.000000
100.000000
100.000000
100.000000
22.320677
15.831040
18.342381
34.689476
40.045036
39.593567
26.059414
15.981813
8.397173
20.230825
18.210197
0.000000
9.791057
25.217930
43.957085
28.743160
40.797070
76.080490
87.527756
58.829494
85.287224
46.491108
38.001659
36.528149
35.615528
35.005192
27.849068
30.118975
31.305874
45.493652
100.000000
100.000000
100.000000
100.000000
100.000000
100.000000
100.000000
100.000000
100.000000
100.000000
100.000000
100.000000
100.000000
100.000000
100.000000
100.000000
100.000000
100.000000
100.000000
100.000000
100.000000
100.000000
100.000000
100.000000
100.000000
100.000000
100.000000
100.000000
100.000000
100.000000
100.000000
100.000000
100.000000
100.000000
100.000000
100.000000
100.000000
100.000000
100.000000
100.000000
100.000000
100.000000
100.000000
100.000000
100.000000
100.000000
100.000000
100.000000
100.000000
100.000000
100.000000
100.000000
100.000000
100.000000
100.000000
100.000000
100.000000
100.000000
100.000000
100.000000
39.458160
18.887339
8.598435
13.435515
26.149620
32.590347
11.205176
7.993579
17.809708
32.714096
24.854300
9.791057
0.000000
16.096773
30.958927
32.147854
27.154926
78.014915
52.047192
44.157368
37.166359
39.154861
33.893692
37.965832
28.816427
31.675911
28.000975
23.639791
21.034063
33.396515
100.000000
100.000000
100.000000
100.000000
100.000000
100.000000
100.000000
100.000000
100.000000
100.000000
100.000000
100.000000
100.000000
100.000000
100.000000
100.000000
100.000000
100.000000
100.000000
100.000000
100.000000
100.000000
100.000000
100.000000
100.000000
100.000000
100.000000
100.000000
100.000000
100.000000
100.000000
100.000000
100.000000
100.000000
100.000000
100.000000
100.000000
100.000000
100.000000
100.000000
100.000000
100.000000
100.000000
100.000000
100.000000
100.000000
100.000000
100.000000
100.000000
100.000000
100.000000
100.000000
100.000000
100.000000
100.000000
100.000000
100.000000
100.000000
100.000000
100.000000
54.051453
31.103203
16.601181
16.752743
21.664341
22.609194
15.079276
23.623554
31.240282
45.590736
39.271030
25.217930
16.096773
0.000000
14.981740
35.830860
29.515627
31.818827
38.628731
36.966347
27.005917
27.502737
24.123196
41.380577
36.357903
34.869987
33.208141
33.490082
18.213247
20.725931
100.000000
100.000000
100.000000
100.000000
100.000000
100.000000
100.000000
100.000000
100.000000
100.000000
100.000000
100.000000
100.000000
100.000000
100.000000
100.000000
100.000000
100.000000
100.000000
100.000000
100.000000
100.000000
100.000000
100.000000
100.000000
100.000000
100.000000
100.000000
100.000000
100.000000
100.000000
100.000000
100.000000
100.000000
100.000000
100.000000
100.000000
100.000000
100.000000
100.000000
100.000000
100.000000
100.000000
100.000000
100.000000
100.000000
100.000000
100.000000
100.000000
100.000000
100.000000
100.000000
100.000000
100.000000
100.000000
100.000000
100.000000
100.000000
100.000000
100.000000
69.290932
41.827381
31.462132
23.272327
14.742177
11.365255
26.532999
39.396366
48.243324
62.813324
46.734600
43.957085
30.958927
14.981740
0.000000
53.520020
37.159695
134.416107
35.392696
28.417099
48.163536
51.907604
52.665028
67.933273
70.967400
61.504688
51.869701
47.670219
25.796377
22.739042
100.000000
100.000000
100.000000
100.000000
100.000000
100.000000
100.000000
100.000000
100.000000
100.000000
100.000000
100.000000
100.000000
100.000000
100.000000
100.000000
100.000000
100.000000
100.000000
100.000000
100.000000
100.000000
100.000000
100.000000
100.000000
100.000000
100.000000
100.000000
100.000000
100.000000
100.000000
100.000000
100.000000
100.000000
100.000000
100.000000
100.000000
100.000000
100.000000
100.000000
100.000000
100.000000
100.000000
100.000000
100.000000
100.000000
100.000000
100.000000
100.000000
100.000000
100.000000
100.000000
100.000000
100.000000
100.000000
100.000000
100.000000
100.000000
100.000000
100.000000
29.239899
29.018612
36.322418
35.492325
39.167118
53.097271
37.505516
29.310621
28.507854
32.420139
31.987181
28.743160
32.147854
35.830860
53.520020
0.000000
11.684129
25.390291
40.069153
54.309750
55.516785
39.877365
24.953989
16.273338
5.833893
23.013103
19.675888
24.723145
31.152985
36.885830
100.000000
100.000000
100.000000
100.000000
100.000000
100.000000
100.000000
100.000000
100.000000
100.000000
100.000000
100.000000
100.000000
100.000000
100.000000
100.000000
100.000000
100.000000
100.000000
100.000000
100.000000
100.000000
100.000000
100.000000
100.000000
100.000000
100.000000
100.000000
100.000000
100.000000
100.000000
100.000000
100.000000
100.000000
100.000000
100.000000
100.000000
100.000000
100.000000
100.000000
100.000000
100.000000
100.000000
100.000000
100.000000
100.000000
100.000000
100.000000
100.000000
100.000000
100.000000
100.000000
100.000000
100.000000
100.000000
100.000000
100.000000
100.000000
100.000000
100.000000
33.433887
33.944527
24.902552
26.936796
39.157578
44.490913
27.505596
28.814455
28.247837
34.074234
38.675240
40.797070
27.154926
29.515627
37.159695
11.684129
0.000000
19.753796
36.797771
47.128757
72.819000
37.044197
14.100838
4.890846
11.690011
18.633852
10.758675
21.673817
27.990562
34.547752
100.000000
100.000000
100.000000
100.000000
100.000000
100.000000
100.000000
100.000000
100.000000
100.000000
100.000000
100.000000
100.000000
100.000000
100.000000
100.000000
100.000000
100.000000
100.000000
100.000000
100.000000
100.000000
100.000000
100.000000
100.000000
100.000000
100.000000
100.000000
100.000000
100.000000
100.000000
100.000000
100.000000
100.000000
100.000000
100.000000
100.000000
100.000000
100.000000
100.000000
100.000000
100.000000
100.000000
100.000000
100.000000
100.000000
100.000000
100.000000
100.000000
167.389893
123.581299
100.000000
100.000000
100.000000
100.000000
100.000000
100.000000
100.000000
100.000000
100.000000
50.731335
33.338711
32.215931
31.210608
42.025482
48.979538
31.143656
29.922340
43.190952
36.636696
56.025986
76.080490
78.014915
31.818827
134.416107
25.390291
19.753796
0.000000
13.509541
18.488670
25.157305
10.555408
10.452009
13.331150
24.367201
27.242043
13.566938
16.728464
61.337318
39.214233
100.000000
100.000000
100.000000
100.000000
100.000000
100.000000
100.000000
100.000000
100.000000
100.000000
100.000000
100.000000
100.000000
100.000000
100.000000
100.000000
100.000000
100.000000
100.000000
100.000000
100.000000
100.000000
100.000000
100.000000
100.000000
100.000000
100.000000
100.000000
100.000000
100.000000
100.000000
100.000000
100.000000
100.000000
100.000000
100.000000
100.000000
100.000000
100.000000
100.000000
183.853195
100.000000
224.301422
100.000000
149.880539
100.000000
100.000000
100.000000
104.785782
86.880569
114.749001
100.000000
100.000000
100.000000
100.000000
103.066109
100.000000
249.696609
248.403687
251.230988
46.901798
38.375702
38.171368
25.080671
28.594654
25.339914
27.039049
31.174267
47.538368
47.502663
59.476715
87.527756
52.047192
38.628731
35.392696
40.069153
36.797771
13.509541
0.000000
14.562079
13.171414
13.639424
18.890629
21.794678
28.848944
69.080589
19.825867
37.088352
28.181908
23.665869
100.000000
100.000000
100.000000
100.000000
100.000000
100.000000
100.000000
100.000000
100.000000
100.000000
100.000000
100.000000
100.000000
100.000000
100.000000
100.000000
100.000000
100.000000
100.000000
100.000000
100.000000
100.000000
100.000000
100.000000
100.000000
100.000000
100.000000
100.000000
100.000000
100.000000
100.000000
100.000000
100.000000
100.000000
100.000000
100.000000
100.000000
100.000000
100.000000
100.000000
100.000000
100.000000
100.000000
100.000000
100.000000
100.000000
100.000000
100.000000
100.000000
100.000000
100.000000
100.000000
100.000000
100.000000
100.000000
100.000000
100.000000
100.000000
100.000000
100.000000
53.811272
46.067547
39.758270
25.411274
18.385260
27.004408
28.175545
37.752926
50.430511
56.569435
65.844986
58.829494
44.157368
36.966347
28.417099
54.309750
47.128757
18.488670
14.562079
0.000000
16.676390
22.466167
31.226744
45.526154
54.646214
53.419559
42.371067
32.822887
41.639206
30.217443
100.000000
100.000000
100.000000
100.000000
100.000000
100.000000
100.000000
100.000000
100.000000
100.000000
100.000000
100.000000
100.000000
100.000000
100.000000
100.000000
100.000000
100.000000
100.000000
100.000000
100.000000
100.000000
216.130081
166.069794
129.544327
100.000000
100.000000
100.000000
100.000000
100.000000
100.000000
100.000000
100.000000
100.000000
100.000000
168.276245
225.908081
100.000000
100.000000
100.000000
156.810059
286.053589
154.238235
164.258667
140.595016
100.000000
100.000000
125.004036
158.307800
136.835052
88.153778
100.000000
207.837189
100.000000
83.111412
88.012947
101.975922
102.261742
97.527374
162.284592
65.173378
58.211391
68.870201
45.811333
31.037338
23.089849
33.222893
43.134850
53.405811
81.095955
62.747124
85.287224
37.166359
27.005917
48.163536
55.516785
72.819000
25.157305
13.171414
16.676390
0.000000
11.676768
25.280424
26.041315
45.249008
40.323776
41.926598
27.120043
65.260033
16.183767
100.000000
100.000000
100.000000
100.000000
100.000000
100.000000
145.859802
100.000000
100.000000
100.000000
100.000000
100.000000
100.000000
100.000000
100.000000
100.000000
100.000000
100.000000
100.000000
100.000000
100.000000
100.000000
100.000000
100.000000
180.050690
100.000000
100.000000
100.000000
100.000000
100.000000
100.000000
100.000000
100.000000
100.000000
100.000000
153.610443
100.000000
100.000000
100.000000
100.000000
169.735779
100.000000
168.465775
100.000000
146.877533
100.000000
100.000000
228.502655
96.130135
132.565353
91.916901
100.000000
114.859268
100.000000
81.698753
67.127525
78.872612
80.997986
88.974503
112.129341
59.982777
49.344841
36.887302
30.343193
32.051483
35.647774
30.520828
28.808249
34.852512
48.422989
50.315140
46.491108
39.154861
27.502737
51.907604
39.877365
37.044197
10.555408
13.639424
22.466167
11.676768
0.000000
15.560469
18.008129
32.945049
37.748287
25.696978
25.071486
19.192711
25.579802
100.000000
100.000000
100.000000
100.000000
100.000000
100.000000
100.000000
100.000000
100.000000
100.000000
100.000000
100.000000
100.000000
100.000000
100.000000
100.000000
100.000000
100.000000
100.000000
100.000000
100.000000
100.000000
100.000000
100.000000
100.000000
100.000000
100.000000
100.000000
100.000000
100.000000
100.000000
100.000000
100.000000
100.000000
100.000000
100.000000
100.000000
100.000000
100.000000
100.000000
100.000000
100.000000
100.000000
100.000000
100.000000
100.000000
100.000000
100.000000
100.000000
100.000000
100.000000
100.000000
100.000000
100.000000
100.000000
100.000000
100.000000
100.000000
100.000000
100.000000
38.807808
30.721910
25.866581
36.763603
29.017576
33.378441
30.393963
26.816877
24.542027
35.430714
37.785225
38.001659
33.893692
24.123196
52.665028
24.953989
14.100838
10.452009
18.890629
31.226744
25.280424
15.560469
0.000000
15.055640
23.016779
29.232357
13.468697
12.454701
16.822254
30.444546
100.000000
100.000000
100.000000
100.000000
100.000000
100.000000
100.000000
100.000000
100.000000
100.000000
100.000000
100.000000
100.000000
100.000000
100.000000
100.000000
100.000000
100.000000
100.000000
100.000000
100.000000
100.000000
100.000000
100.000000
210.277588
100.000000
100.000000
100.000000
100.000000
100.000000
100.000000
100.000000
100.000000
100.000000
100.000000
177.326736
100.000000
100.000000
100.000000
100.000000
174.468506
100.000000
100.000000
190.055557
174.135773
100.000000
100.000000
218.067993
86.560730
167.460724
105.080223
100.000000
224.153366
100.000000
87.207512
94.629066
101.522766
92.733261
91.623001
125.066368
56.445759
32.250793
42.286160
46.352943
58.734398
63.809818
42.929611
35.010475
36.445286
38.814659
67.817360
36.528149
37.965832
41.380577
67.933273
16.273338
4.890846
13.331150
21.794678
45.526154
26.041315
18.008129
15.055640
0.000000
11.263110
21.838980
11.423692
12.449208
26.312271
28.125729
100.000000
100.000000
100.000000
100.000000
100.000000
100.000000
100.000000
100.000000
100.000000
100.000000
100.000000
100.000000
100.000000
100.000000
100.000000
100.000000
100.000000
100.000000
100.000000
100.000000
100.000000
100.000000
100.000000
100.000000
100.000000
100.000000
100.000000
100.000000
100.000000
100.000000
100.000000
100.000000
100.000000
100.000000
100.000000
100.000000
100.000000
100.000000
100.000000
100.000000
100.000000
100.000000
100.000000
100.000000
100.000000
100.000000
100.000000
100.000000
100.000000
100.000000
100.000000
100.000000
100.000000
100.000000
100.000000
100.000000
100.000000
100.000000
100.000000
100.000000
38.362324
31.477737
31.741461
35.809071
50.114464
61.149189
34.060112
40.057407
30.534920
33.531597
47.056316
35.615528
28.816427
36.357903
70.967400
5.833893
11.690011
24.367201
28.848944
54.646214
45.249008
32.945049
23.016779
11.263110
0.000000
14.429018
15.961914
23.397448
38.104942
31.453657
100.000000
100.000000
100.000000
100.000000
100.000000
100.000000
100.000000
100.000000
100.000000
100.000000
100.000000
100.000000
100.000000
100.000000
100.000000
100.000000
100.000000
100.000000
100.000000
100.000000
100.000000
100.000000
100.000000
100.000000
100.000000
100.000000
100.000000
100.000000
100.000000
100.000000
100.000000
100.000000
100.000000
100.000000
100.000000
100.000000
100.000000
100.000000
100.000000
100.000000
100.000000
100.000000
100.000000
100.000000
100.000000
100.000000
100.000000
100.000000
100.064041
198.216232
148.324387
100.000000
100.000000
100.000000
100.000000
80.056557
84.272461
198.471344
100.000000
100.000000
55.017693
34.095825
38.893368
60.943363
58.414593
65.715103
49.705742
43.736923
49.866810
57.043480
42.736149
35.005192
31.675911
34.869987
61.504688
23.013103
18.633852
27.242043
69.080589
53.419559
40.323776
37.748287
29.232357
21.838980
14.429018
0.000000
14.236272
18.847460
39.496017
48.021828
100.000000
100.000000
100.000000
100.000000
100.000000
100.000000
100.000000
100.000000
100.000000
100.000000
100.000000
100.000000
100.000000
100.000000
100.000000
100.000000
100.000000
100.000000
100.000000
100.000000
100.000000
100.000000
100.000000
100.000000
189.348038
100.000000
100.000000
100.000000
100.000000
100.000000
100.000000
100.000000
100.000000
100.000000
100.000000
100.000000
100.000000
100.000000
100.000000
100.000000
168.878906
100.000000
186.097214
181.244354
180.981461
100.000000
100.000000
100.000000
186.755249
139.106155
81.988930
100.000000
104.499626
100.000000
116.855934
113.615166
179.549072
187.604706
122.834747
105.422882
43.739113
25.880205
29.131617
39.849667
46.081215
38.185028
36.053139
28.178852
40.515202
41.105053
37.721592
27.849068
28.000975
33.208141
51.869701
19.675888
10.758675
13.566938
19.825867
42.371067
41.926598
25.696978
13.468697
11.423692
15.961914
14.236272
0.000000
6.875510
23.324530
36.252853
100.000000
100.000000
100.000000
100.000000
100.000000
100.000000
100.000000
100.000000
100.000000
100.000000
100.000000
100.000000
100.000000
100.000000
100.000000
100.000000
100.000000
100.000000
100.000000
100.000000
100.000000
100.000000
100.000000
100.000000
100.000000
100.000000
100.000000
100.000000
100.000000
100.000000
100.000000
100.000000
100.000000
100.000000
100.000000
100.000000
100.000000
100.000000
100.000000
100.000000
100.000000
100.000000
100.000000
100.000000
277.312836
100.000000
100.000000
100.000000
91.723755
163.784561
159.419998
100.000000
100.000000
100.000000
100.000000
181.899277
101.536377
100.000000
126.396049
100.000000
68.810547
52.599621
41.318638
39.769974
40.057514
52.930473
39.302330
33.252426
41.831810
43.964527
35.929455
30.118975
23.639791
33.490082
47.670219
24.723145
21.673817
16.728464
37.088352
32.822887
27.120043
25.071486
12.454701
12.449208
23.397448
18.847460
6.875510
0.000000
25.438553
29.045132
100.000000
100.000000
100.000000
100.000000
100.000000
100.000000
100.000000
100.000000
100.000000
100.000000
100.000000
100.000000
100.000000
100.000000
100.000000
100.000000
100.000000
100.000000
100.000000
100.000000
100.000000
100.000000
100.000000
100.000000
100.000000
100.000000
100.000000
100.000000
100.000000
100.000000
100.000000
100.000000
100.000000
100.000000
100.000000
100.000000
100.000000
100.000000
100.000000
100.000000
100.000000
100.000000
100.000000
100.000000
100.000000
100.000000
100.000000
100.000000
100.000000
100.000000
100.000000
100.000000
100.000000
100.000000
100.000000
100.000000
100.000000
100.000000
100.000000
100.000000
69.201149
83.575592
86.839775
69.622620
30.014313
36.992199
30.059401
36.953865
56.011368
39.663471
45.317108
31.305874
21.034063
18.213247
25.796377
31.152985
27.990562
61.337318
28.181908
41.639206
65.260033
19.192711
16.822254
26.312271
38.104942
39.496017
23.324530
25.438553
0.000000
21.527885
100.000000
100.000000
100.000000
100.000000
100.000000
100.000000
100.000000
100.000000
100.000000
100.000000
100.000000
100.000000
100.000000
100.000000
100.000000
100.000000
100.000000
100.000000
100.000000
100.000000
100.000000
100.000000
100.000000
100.000000
100.000000
100.000000
100.000000
100.000000
100.000000
100.000000
100.000000
100.000000
100.000000
100.000000
100.000000
100.000000
100.000000
100.000000
100.000000
100.000000
100.000000
100.000000
100.000000
100.000000
100.000000
100.000000
100.000000
100.000000
114.885986
147.253525
172.894653
100.000000
100.000000
100.000000
100.000000
100.000000
100.000000
100.000000
100.000000
100.000000
79.083519
75.142334
63.770844
53.208828
28.884398
29.289429
51.486214
48.119820
70.947342
56.751171
51.024254
45.493652
33.396515
20.725931
22.739042
36.885830
34.547752
39.214233
23.665869
30.217443
16.183767
25.579802
30.444546
28.125729
31.453657
48.021828
36.252853
29.045132
21.527885
0.000000
100.000000
100.000000
100.000000
100.000000
100.000000
100.000000
100.000000
100.000000
100.000000
100.000000
100.000000
100.000000
100.000000
100.000000
100.000000
90.776207
88.515022
83.086021
70.423271
81.020752
94.165825
74.023933
75.791336
83.989052
97.068680
80.310455
87.722404
89.921539
65.699120
65.310722
79.719666
79.873940
84.597885
76.468262
74.464401
76.925720
64.136589
69.021591
74.869568
94.592628
92.274132
100.443169
79.561485
71.361900
85.640724
97.188583
102.956886
112.532959
105.753868
86.792068
105.052208
95.980736
87.283829
78.524162
111.858101
86.282127
92.101860
79.208656
113.101646
93.162788
100.000000
100.000000
100.000000
100.000000
100.000000
100.000000
100.000000
100.000000
100.000000
100.000000
100.000000
100.000000
100.000000
100.000000
100.000000
100.000000
100.000000
100.000000
100.000000
100.000000
100.000000
100.000000
100.000000
100.000000
100.000000
100.000000
100.000000
100.000000
100.000000
100.000000
0.000000
7.454360
8.497235
12.249401
17.056168
16.005037
19.180519
14.434072
8.247118
4.950010
8.783995
9.568662
12.287189
10.999651
17.550833
94.045364
65.781914
69.717850
80.344009
62.727295
78.637321
51.879017
74.526443
68.463486
94.651085
118.091209
85.714371
79.403877
70.240990
55.659370
89.137543
89.246658
82.137436
82.655891
70.488686
79.880310
69.856003
86.828049
76.658875
78.566856
71.529808
88.149040
86.052071
74.704857
90.739983
66.716774
87.943741
117.737823
146.896820
77.103165
122.691193
90.893959
91.336456
69.991371
113.542107
84.386642
77.176071
85.191666
130.522202
93.338142
100.000000
100.000000
100.000000
100.000000
100.000000
100.000000
100.000000
100.000000
100.000000
100.000000
100.000000
100.000000
100.000000
100.000000
100.000000
100.000000
100.000000
100.000000
100.000000
100.000000
100.000000
100.000000
100.000000
100.000000
100.000000
100.000000
100.000000
100.000000
100.000000
100.000000
7.454360
0.000000
5.220111
11.208850
15.734375
13.781201
12.823359
10.641100
5.418674
5.480347
8.777547
7.650989
11.165271
10.659488
15.793751
75.234436
64.476303
68.259460
85.246910
65.188812
71.332787
69.226898
117.270088
127.751190
85.541924
103.100548
105.971687
98.278664
66.969810
92.706779
86.435570
75.640999
78.820702
78.100136
85.040710
99.503777
105.017174
114.107300
109.397987
57.958607
114.873116
118.630226
117.776161
126.493095
112.927116
113.411606
84.286774
85.096443
99.128197
66.587883
95.267143
91.060349
98.511711
92.205894
81.824074
103.225716
58.705555
59.785419
106.242401
103.062614
100.000000
100.000000
100.000000
100.000000
100.000000
100.000000
100.000000
100.000000
100.000000
100.000000
100.000000
100.000000
100.000000
100.000000
100.000000
100.000000
100.000000
100.000000
100.000000
100.000000
100.000000
100.000000
100.000000
100.000000
100.000000
100.000000
100.000000
100.000000
100.000000
100.000000
8.497235
5.220111
0.000000
6.082110
11.420683
10.235235
10.270951
7.250305
7.293744
9.943972
11.841342
7.133187
7.028247
8.108565
15.250236
70.265831
58.783333
67.444862
72.697632
48.225510
64.620659
76.840874
112.300400
113.959038
64.801537
89.482254
107.705971
104.349571
77.468964
82.840485
50.316322
85.661072
76.663185
77.855850
75.659134
99.414986
106.567200
117.918694
116.146172
48.208748
51.201344
127.575249
94.685135
73.046043
100.886261
65.693382
53.311131
67.310120
83.962349
62.787853
65.196770
54.383167
69.395180
79.189819
74.377686
71.799919
69.136017
73.728355
70.751083
53.385468
100.000000
100.000000
100.000000
100.000000
100.000000
100.000000
100.000000
100.000000
100.000000
100.000000
100.000000
100.000000
100.000000
100.000000
100.000000
100.000000
100.000000
100.000000
100.000000
100.000000
100.000000
100.000000
100.000000
100.000000
100.000000
100.000000
100.000000
100.000000
100.000000
100.000000
12.249401
11.208850
6.082110
0.000000
7.045923
8.291213
5.385628
8.805148
11.559765
11.990671
16.125101
13.525549
8.023711
5.907841
10.311018
111.961273
68.993286
68.226799
123.299072
67.421318
98.608131
57.069798
130.506454
105.154297
99.504204
97.913971
100.385902
114.561897
101.728416
55.360867
65.113251
112.484146
84.272758
110.738480
88.346748
105.992172
107.037979
113.940598
63.250744
69.500374
120.842110
135.244385
79.340561
134.368256
76.781670
106.852844
55.559303
60.602318
105.050148
70.465149
82.127296
56.371178
124.385757
61.773563
62.673290
68.917549
79.660080
124.289391
60.400002
110.402679
100.000000
100.000000
100.000000
100.000000
100.000000
100.000000
100.000000
100.000000
100.000000
100.000000
100.000000
100.000000
100.000000
100.000000
100.000000
100.000000
100.000000
100.000000
100.000000
100.000000
100.000000
100.000000
100.000000
100.000000
100.000000
100.000000
100.000000
100.000000
100.000000
100.000000
17.056168
15.734375
11.420683
7.045923
0.000000
8.325150
7.266298
13.524151
13.226216
14.302278
22.650913
15.759007
14.916136
10.514340
6.658950
79.541107
65.770447
59.453693
74.248413
57.598698
96.743973
54.426628
90.414909
63.223137
108.612053
115.273849
60.700569
63.373878
91.160042
57.065933
63.590237
95.346916
82.613747
100.521942
73.960930
92.843300
82.549698
91.198616
60.697906
81.138351
65.721497
99.057610
88.821579
53.188133
83.670959
103.224419
52.659084
124.391861
109.976830
66.763390
88.910675
96.787209
89.374779
61.387302
64.517899
123.438301
68.661629
65.444878
63.802711
56.012741
100.000000
100.000000
100.000000
100.000000
100.000000
100.000000
100.000000
100.000000
100.000000
100.000000
100.000000
100.000000
100.000000
100.000000
100.000000
100.000000
100.000000
100.000000
100.000000
100.000000
100.000000
100.000000
100.000000
100.000000
100.000000
100.000000
100.000000
100.000000
100.000000
100.000000
16.005037
13.781201
10.235235
8.291213
8.325150
0.000000
5.908066
11.673077
13.589234
16.751604
17.647161
12.814086
13.750308
8.066233
5.101649
111.131050
98.469788
104.028831
110.737633
102.701447
97.105392
120.054222
115.995430
107.824356
90.495514
99.861862
109.272743
105.533379
87.513748
86.735718
65.897499
78.965263
94.856735
81.100670
88.061554
89.756508
104.567589
101.059273
67.205040
63.708393
120.232086
130.098694
81.913048
115.621948
98.445496
86.077034
58.726536
63.332291
88.694511
63.771263
59.680653
52.243858
115.742737
65.828743
67.492950
76.239716
74.278816
74.558548
56.852886
61.801163
100.000000
100.000000
100.000000
100.000000
100.000000
100.000000
100.000000
100.000000
100.000000
100.000000
100.000000
100.000000
100.000000
100.000000
100.000000
100.000000
100.000000
100.000000
100.000000
100.000000
145.859802
100.000000
100.000000
100.000000
100.000000
100.000000
100.000000
100.000000
100.000000
100.000000
19.180519
12.823359
10.270951
5.385628
7.266298
5.908066
0.000000
7.645015
13.427746
13.575810
23.296690
9.959941
10.090827
7.424998
6.175685
93.217384
79.042686
62.786354
142.420105
62.619625
94.615196
49.766445
82.742500
77.508331
93.037560
103.205254
87.427803
78.465584
85.459717
71.046715
88.290375
90.593178
101.665504
92.800545
84.735878
66.873680
57.232952
55.165607
58.233673
53.992764
86.336876
112.380722
68.937759
47.787426
74.683533
68.242744
88.000778
104.873245
120.061592
55.936062
71.605225
55.125549
106.067329
100.990860
71.979805
75.122482
85.611267
69.863754
99.702553
70.091660
100.000000
100.000000
100.000000
100.000000
100.000000
100.000000
100.000000
100.000000
100.000000
100.000000
100.000000
100.000000
100.000000
100.000000
100.000000
100.000000
100.000000
100.000000
100.000000
100.000000
100.000000
100.000000
100.000000
100.000000
100.000000
100.000000
100.000000
100.000000
100.000000
100.000000
14.434072
10.641100
7.250305
8.805148
13.524151
11.673077
7.645015
0.000000
6.279115
10.869300
10.757942
6.206193
6.299321
10.610349
10.361776
97.674896
70.821846
68.823997
84.032990
85.560799
72.315353
54.249466
104.260658
87.137711
116.144333
121.951431
97.922928
83.367943
65.580544
80.653854
93.860901
91.587898
96.248795
74.901413
77.961456
86.908981
96.479912
77.675629
70.442230
68.465729
102.399551
91.386383
91.963974
52.992294
106.704628
68.757828
68.748535
104.114815
131.385498
78.993263
126.938766
93.484398
88.666840
62.156456
76.916969
85.664268
85.008049
76.765419
109.502151
72.618538
100.000000
100.000000
100.000000
100.000000
100.000000
100.000000
100.000000
100.000000
100.000000
100.000000
100.000000
100.000000
100.000000
100.000000
100.000000
100.000000
100.000000
100.000000
100.000000
100.000000
100.000000
100.000000
100.000000
100.000000
100.000000
100.000000
100.000000
100.000000
100.000000
100.000000
8.247118
5.418674
7.293744
11.559765
13.226216
13.589234
13.427746
6.279115
0.000000
6.299743
7.692161
5.170708
6.602478
11.229609
13.658669
62.824497
91.984131
64.998474
78.926941
70.165421
78.194557
53.155003
94.302765
100.636116
96.277306
104.805557
83.367455
88.382362
53.402725
64.777725
80.093353
74.972969
86.763374
78.428230
78.020531
81.057304
66.518784
71.984520
88.315407
76.425392
88.066071
101.585251
108.257736
83.729286
84.092506
102.002068
122.550629
125.340904
136.830505
117.372963
115.978043
88.867805
134.163254
103.283676
111.269058
139.231796
82.839577
124.191803
116.270515
100.405540
100.000000
100.000000
100.000000
100.000000
100.000000
100.000000
100.000000
100.000000
100.000000
100.000000
100.000000
100.000000
100.000000
100.000000
100.000000
100.000000
100.000000
100.000000
100.000000
100.000000
100.000000
100.000000
100.000000
100.000000
100.000000
100.000000
100.000000
100.000000
100.000000
100.000000
4.950010
5.480347
9.943972
11.990671
14.302278
16.751604
13.575810
10.869300
6.299743
0.000000
5.764352
7.936935
10.319932
10.664684
17.482918
84.214401
61.862469
66.313515
78.170982
76.378258
80.920975
58.237610
81.709404
77.161659
125.630501
102.578300
85.673492
60.362652
72.070190
59.678677
82.973831
83.149559
76.608360
82.715050
65.184494
78.731514
68.050949
61.260262
59.138577
88.403557
73.360214
77.338593
77.552322
78.717072
63.171768
73.289543
106.535202
88.979057
96.164719
76.729080
112.814018
97.096741
106.978859
117.709106
110.200729
112.547028
83.982491
70.520836
122.487206
88.566650
100.000000
100.000000
100.000000
100.000000
100.000000
100.000000
100.000000
100.000000
100.000000
100.000000
100.000000
100.000000
100.000000
100.000000
100.000000
100.000000
100.000000
100.000000
100.000000
100.000000
100.000000
100.000000
100.000000
100.000000
100.000000
100.000000
100.000000
100.000000
100.000000
100.000000
8.783995
8.777547
11.841342
16.125101
22.650913
17.647161
23.296690
10.757942
7.692161
5.764352
0.000000
8.376385
15.220840
16.477585
21.930925
84.779213
94.231544
97.439468
80.393066
75.482574
78.851791
76.317688
90.964737
110.855988
102.254028
84.502426
106.460388
91.321899
84.445328
97.271065
73.227226
78.881310
80.191292
70.155884
74.089134
92.517990
95.372856
89.932236
96.542641
66.450821
128.109222
97.591240
83.345551
102.077530
101.048759
67.561913
120.322662
114.387070
133.898865
78.830399
89.788109
106.542473
100.358261
97.100273
127.104126
93.202950
84.712112
121.171692
74.692505
95.941467
100.000000
100.000000
100.000000
100.000000
100.000000
100.000000
100.000000
100.000000
100.000000
100.000000
100.000000
100.000000
100.000000
100.000000
100.000000
100.000000
100.000000
100.000000
100.000000
100.000000
100.000000
100.000000
100.000000
100.000000
100.000000
100.000000
100.000000
100.000000
100.000000
100.000000
9.568662
7.650989
7.133187
13.525549
15.759007
12.814086
9.959941
6.206193
5.170708
7.936935
8.376385
0.000000
6.583877
10.415869
14.611471
119.386513
85.359306
96.807724
76.054749
79.661156
90.106667
71.833115
118.355690
75.398003
112.339035
118.004059
92.938354
89.947922
66.047356
71.514587
89.210243
77.253197
83.069939
81.496185
77.705338
126.279137
68.745590
80.408096
110.686157
101.802139
183.620117
98.713203
101.318184
64.777985
83.177147
108.131622
101.419441
99.968536
133.792267
138.044571
123.520676
106.658302
104.393013
78.943283
128.377640
126.795662
118.554466
108.988823
110.431755
93.199516
100.000000
100.000000
100.000000
100.000000
100.000000
100.000000
100.000000
100.000000
100.000000
100.000000
100.000000
100.000000
100.000000
100.000000
100.000000
100.000000
100.000000
100.000000
100.000000
100.000000
100.000000
100.000000
100.000000
100.000000
100.000000
100.000000
100.000000
100.000000
100.000000
100.000000
12.287189
11.165271
7.028247
8.023711
14.916136
13.750308
10.090827
6.299321
6.602478
10.319932
15.220840
6.583877
0.000000
9.189526
17.472052
89.366898
100.892456
70.894577
91.031639
80.026253
91.670715
106.364822
98.030922
109.171440
117.535431
93.500496
105.519791
59.738987
75.674812
69.821434
82.280823
87.394836
81.183182
93.207893
84.113983
102.829613
89.762718
113.105339
100.552589
53.198761
144.234314
118.447304
77.171692
107.687614
110.842354
68.533089
49.274761
105.699089
106.936607
83.565880
59.904415
105.665741
118.396706
112.301659
79.364838
75.054726
78.976311
116.295395
123.788757
68.978622
100.000000
100.000000
100.000000
100.000000
100.000000
100.000000
100.000000
100.000000
100.000000
100.000000
100.000000
100.000000
100.000000
100.000000
100.000000
100.000000
100.000000
100.000000
100.000000
100.000000
100.000000
100.000000
100.000000
100.000000
100.000000
100.000000
100.000000
100.000000
100.000000
100.000000
10.999651
10.659488
8.108565
5.907841
10.514340
8.066233
7.424998
10.610349
11.229609
10.664684
16.477585
10.415869
9.189526
0.000000
10.974852
114.731346
124.292107
95.126404
117.074722
93.678459
72.759300
107.616219
112.300339
117.892326
100.283691
121.922066
103.659698
115.457932
102.297920
99.372314
86.739510
124.281357
90.213150
86.459358
121.462898
100.844559
73.437057
121.111252
85.335587
84.127266
132.786758
133.483597
95.416916
72.522881
119.708588
77.311333
68.547012
59.646130
127.376648
62.974289
81.575966
68.208755
126.216530
65.537071
62.508377
81.043182
79.518349
67.557426
123.220795
71.437134
100.000000
100.000000
100.000000
100.000000
100.000000
100.000000
100.000000
100.000000
100.000000
100.000000
100.000000
100.000000
100.000000
100.000000
100.000000
100.000000
100.000000
100.000000
100.000000
100.000000
100.000000
100.000000
100.000000
100.000000
100.000000
100.000000
100.000000
100.000000
100.000000
100.000000
17.550833
15.793751
15.250236
10.311018
6.658950
5.101649
6.175685
10.361776
13.658669
17.482918
21.930925
14.611471
17.472052
10.974852
0.000000
