0.358492  -1.138988
-0.140219  -0.960617
0.763256  -0.790981
-0.937958  -0.330109
-0.963668  0.029474
0.317695  1.007344
0.912762  -0.713115
0.984677  0.342991
0.296360  0.912325
-0.444332  -0.618117
-0.709429  -0.113688
0.318507  0.559053
0.414380  -1.042654
-0.212699  -0.846289
0.339851  -0.377265
-0.000846  1.226412
-0.015387  0.987269
0.745100  -0.775260
-0.993623  -0.806544
-0.354293  1.220269
0.444521  -1.077426
-0.379869  -1.313499
0.808219  0.521594
1.114348  -0.263359
-1.240153  0.457613
0.870147  0.039925
1.045743  -0.042521
0.760300  0.752064
-0.243464  -0.576991
0.476147  -0.316927
0.780742  0.833051
0.735497  -0.126067
0.672440  0.931301
0.998071  -0.103969
-0.837391  -0.554612
-1.048545  -0.035957
-0.368909  -0.543488
0.506694  -1.060727
0.241297  0.557365
0.123192  -0.995142
0.833022  -0.497485
0.903285  0.179721
-0.845248  -0.429837
0.483071  0.316071
0.036657  -0.859695
0.949595  -0.404633
0.842669  0.770557
0.680202  0.622381
-1.147913  0.099721
-0.772294  1.075235
1.024981  0.319244
-0.104833  0.669969
-0.637075  -0.926450
0.682328  0.972910
-0.362333  -0.897681
0.819981  -0.074892
-0.220846  1.109683
-0.205863  0.961656
-0.359562  0.107261
-0.957838  -0.483748
0.712578  0.473042
-0.157620  1.018772
-0.904943  0.166372
-0.662833  0.424530
0.565292  0.902251
-0.807973  -0.963434
-1.237719  0.265142
0.749972  0.523827
-0.429610  0.736823
-0.737314  0.146802
0.892129  -0.103209
-0.650528  -0.456864
1.097199  -0.823880
1.014831  -0.798954
-1.032461  0.316008
0.440507  -1.333182
1.248080  0.638663
-0.681492  0.955241
0.148452  -1.038268
-0.611274  1.053717
-0.334168  1.033272
-0.784848  -0.144078
1.052888  -0.630410
1.121245  0.575970
-0.858651  -0.522593
0.369250  0.798030
-0.939037  -0.281395
-0.553300  0.771997
-0.715004  -1.034765
0.298173  -0.889186
0.762522  0.311020
-0.532766  0.648842
-0.740331  0.262400
-0.770209  1.011573
-0.067772  -1.026664
0.817182  -0.550087
0.081707  -1.017508
-0.449536  -0.716210
-0.281559  -0.795104
0.749616  -0.859053
0.963241  0.267843
0.325907  -1.169127
-1.302215  0.400409
0.822136  -0.817043
1.216053  -0.298454
-0.742476  -0.279745
0.760759  0.416599
-1.354232  -0.294579
-0.920902  -0.478134
0.558359  -0.819312
-0.927125  0.070624
-0.393468  -0.715061
-0.756730  -0.428120
-0.383129  -0.701190
0.936213  -0.396780
0.415585  0.272494
0.657393  -0.145175
-0.412835  -0.373221
-0.394211  0.951908
-0.695360  0.520188
-0.351311  0.768702
0.720348  1.030618
0.828487  0.687708
-0.216989  1.119802
0.543018  -1.181630
-0.742325  0.236436
-1.007939  0.229667
-0.742774  0.493950
-0.859882  -0.736793
-0.892396  0.568494
-0.688246  -0.007311
-0.746573  -0.609932
-0.144639  -0.838805
-1.116289  -0.343478
-0.427980  -0.501139
1.165263  0.148707
-0.804573  0.271119
-1.205437  -0.156416
0.863832  -0.635149
-0.185210  1.112755
0.837205  0.257844
-0.342832  0.752845
0.335170  0.878352
-0.496999  0.754860
0.407116  -0.666756
0.416203  -1.188439
0.855010  -0.734648
0.493898  1.173414
0.971564  0.089316
0.857355  -0.305601
-1.012791  0.838267
0.367665  0.766363
-0.169329  -1.419636
-0.233773  -1.178567
1.037519  0.104039
0.329542  -0.801569
-0.827686  0.459608
0.685914  0.207743
-0.823567  -0.242615
-0.153106  0.921654
1.108767  -0.351647
-0.135036  -0.873490
1.009266  0.631938
1.152498  -0.940167
-0.434037  -0.878146
-0.460425  1.256321
-0.755070  0.530350
-0.803806  0.440458
-0.767184  0.908789
-0.915830  0.437684
0.501303  1.089037
1.187592  -0.073176
0.877692  0.382261
0.455484  -0.719556
0.220559  1.268997
-0.005281  0.878376
0.245697  1.445820
0.982270  -0.242008
0.067601  -0.982286
-0.002919  -0.867101
-0.219787  -0.925914
0.016546  1.002143
-0.331370  -1.103966
0.936896  -0.084145
0.158859  0.783860
-0.221388  0.486951
0.794421  0.614924
-0.948642  -0.043479
-0.702420  0.971339
0.630727  -0.379345
0.938536  0.651001
0.793825  -0.211412
0.940013  0.839119
-0.714253  0.938500
0.246369  -0.900301
-0.267919  -0.845080
0.627634  0.940539
-0.833896  -0.404221
-0.425154  -0.659023
-0.242690  -0.813634
0.826882  -0.149952
0.168546  -0.372792
-0.926168  -0.390710
-0.556790  0.894454
-0.956911  0.360255
-0.863861  -0.371245
1.017324  -0.246383
-0.675656  0.377026
0.733834  0.730872
0.568336  -0.516503
-0.733164  0.980488
-0.670815  0.684888
-0.990862  0.063235
0.111309  -0.933560
-0.875172  1.108678
0.733499  -0.677202
-0.039405  -0.761083
0.637944  1.136302
1.026806  -0.567469
0.735454  -0.586857
-0.880775  -0.592815
0.821980  0.607737
-0.419530  0.278093
-0.827489  -0.024433
0.327432  1.016028
0.693697  0.615263
0.387079  -0.156359
0.541265  -0.036780
-0.954983  -0.598639
-0.053886  -1.086253
0.718014  -0.093210
-0.085697  -1.031422
0.090426  -0.875265
-0.490724  0.909141
-1.058967  0.669966
0.337852  -0.928924
0.067705  0.615782
-0.302807  1.009104
0.991935  0.173522
-0.837327  0.448543
-0.558957  0.235993
0.016903  0.929248
-0.454459  -0.477522
-0.652071  0.673127
0.333259  1.309626
-0.999611  -0.030263
-0.629717  0.510703
0.952737  -0.495732
0.042258  -1.242600
-0.750148  -0.431897
-0.340324  1.182375
-0.073037  1.195260
0.004913  0.946232
-0.610142  -0.817272
-0.804750  -0.058634
-0.591950  0.543465
-0.632188  -0.724074
-0.792101  -0.707771
-0.192485  -0.904881
-0.083957  -0.868456
-0.754732  0.536233
0.402510  1.210791
-0.127297  -0.475355
-0.245157  -0.596704
0.967632  0.569551
0.905544  0.353945
-0.609524  -0.404795
0.727243  -0.625284
-0.636923  0.680816
-1.099887  -0.238441
0.836643  0.272689
-1.141735  -0.485660
-0.828539  0.469826
-1.072454  -0.588191
-0.385922  -0.545465
1.046185  0.462706
-0.784800  -0.655062
-1.125867  -0.044141
-0.918741  0.133483
0.032767  -1.165595
-0.293768  0.905555
-0.952283  -0.551800
-0.685818  -0.969897
-0.539748  0.475810
-0.768631  0.381201
-0.828205  0.091583
0.050854  1.076606
0.744879  0.189341
-0.460549  -1.233574
-0.698253  -0.423334
0.385977  -1.034425
0.710441  0.613079
-0.893429  -0.674254
-0.849530  0.602342
-0.315945  0.690830
-0.593318  -0.158732
-0.720074  0.341057
-0.589598  0.630794
0.109834  -1.285879
1.086397  0.088703
0.737225  0.558426
0.439041  -0.717960
-0.353658  0.954296
-0.433358  0.874981
0.892737  0.221055
-0.676825  -1.200519
0.249156  -0.724627
1.035399  -0.442897
0.544646  0.539882
0.467877  0.896366
0.805200  0.140223
0.774448  -0.982279
0.179113  0.794688
-0.151867  1.018333
-0.664999  -0.955750
-1.005183  0.673971
-0.607837  0.701060
0.312686  0.915563
0.749607  0.477945
-0.765540  -0.448744
0.189163  1.178016
-0.363981  -1.156835
0.557530  -1.068872
0.733795  -0.897189
-0.681400  0.263852
-0.095427  0.930677
-0.385047  1.205436
-0.383100  1.250430
1.030044  -0.203068
0.662038  -0.677986
0.443215  -0.823980
0.844838  0.005048
0.637510  0.491404
-0.894429  0.356409
0.946483  -0.159965
-1.055006  0.499782
-1.329566  -0.803665
0.119658  -0.997369
-0.015613  0.825411
0.829822  -0.043349
0.255745  1.017219
0.690556  0.814763
-0.300926  1.211039
0.848680  -0.766645
0.719147  0.753257
-0.487094  -0.941992
-0.633431  -0.611227
0.536034  -1.206190
-0.803891  0.605258
1.122348  0.625038
-0.929018  -0.461732
0.274821  0.979343
0.000595  0.823533
-1.073093  -0.110139
0.383950  0.812712
0.668633  0.805158
-0.668347  0.455147
-0.199280  -1.365001
0.477411  1.075869
-0.710519  -0.279376
-0.243561  -0.963573
0.478151  1.125522
-0.632358  -0.722157
-0.780388  -0.925355
0.233108  -0.828888
1.064989  0.055278
0.399689  0.700174
0.730886  -0.347820
0.292521  -1.178836
0.092822  -0.931442
-0.113402  -0.796724
0.061637  -0.801686
-0.996839  0.075255
0.051102  -0.646662
0.407120  1.085697
-0.787616  -0.482269
0.324143  0.870981
-0.122307  -1.146956
1.229589  0.083398
0.857802  -0.169763
1.036841  -0.244249
-0.384970  -0.937309
0.932126  -0.623809
0.946727  -0.297449
-0.841400  -0.204664
1.004005  -0.489128
-0.093100  0.621695
-0.321869  1.476025
-0.524908  0.783958
-1.134680  -0.383368
-0.320464  -0.759405
-0.809375  1.055215
-0.236012  -0.696939
0.085607  1.266677
-0.198368  0.972648
0.002860  -0.969667
0.967219  0.251046
-1.127074  -0.262585
0.300371  1.254669
0.920838  0.241824
-0.069229  1.010116
-0.272978  0.891287
0.594031  -0.869888
-0.592474  0.596789
0.086429  1.074095
-0.367427  -1.000193
-0.516372  1.038640
0.660407  -0.562308
-1.215786  0.445027
0.068146  0.953031
-0.231261  -0.892134
-0.431655  0.817163
-1.034962  0.550839
0.100871  1.159562
0.953445  0.289048
0.521547  -1.037549
0.262877  -1.082986
-0.901829  0.724777
-0.145509  1.074568
-0.625619  -0.570598
-0.992803  -0.491147
-0.574578  -1.109149
0.149593  1.238126
-1.183313  0.332232
-0.581480  -0.680894
0.103975  0.699214
1.158415  0.711630
0.627536  -0.805208
0.027686  0.988591
0.710753  0.550433
0.833798  0.018193
-0.409008  0.751238
-0.753443  -0.051633
0.137810  -0.747041
-0.899698  0.112566
0.646798  1.460939
-0.633038  0.757630
0.524980  -1.116496
1.088688  0.350490
0.675877  0.486475
-0.177226  0.509981
0.451572  0.902677
-0.662392  1.037033
0.306162  -0.869885
0.949995  -0.487747
-0.188368  0.953013
-1.069316  -0.452105
-0.075049  -0.937640
0.499394  0.647398
0.993529  0.251323
0.741784  -0.409200
0.747458  0.344636
-0.690962  -1.091196
0.698768  0.548827
0.027270  -1.066143
-1.110356  0.066952
-0.035645  -0.967497
0.769461  -0.290833
-0.467835  -0.998353
0.217443  -1.053085
-0.006825  1.104421
0.924085  -0.189022
-0.550213  -0.321509
0.835435  -1.005134
-0.436841  -0.569979
1.025182  -0.081251
0.543679  1.094672
-0.793805  0.669833
-0.151845  0.669836
0.850307  0.507820
0.305558  1.033507
-0.695536  1.016498
-0.292106  0.677264
0.868914  -0.558152
-0.140225  -1.448982
-0.913328  0.670764
-0.138536  -0.656010
-1.195707  0.039242
-0.298449  0.692069
-0.823778  0.536623
-0.275349  0.807021
0.741036  -0.786393
-1.046195  -0.240130
-0.190272  -0.931528
1.020424  0.186869
-0.819392  0.525254
1.200329  0.009747
-0.731453  -0.750868
0.812730  -0.587626
-0.559582  0.777362
0.765773  0.179386
1.593146  -0.309679
-0.105222  -1.122294
-0.177830  -1.061786
0.811537  0.585888
-0.780456  -0.537593
-0.664230  -0.724069
-0.859156  -0.101026
-0.572824  0.862997
-1.054403  0.394499
0.440371  0.726620
-0.721822  -0.640660
-0.081641  1.063995
-0.703969  0.148649
0.314615  0.771969
1.053906  0.451566
0.915409  -0.603991
1.057184  -0.261054
0.940686  -0.509571
-1.021613  0.188803
-0.317997  -0.822953
-0.424476  0.391472
1.082067  0.014255
0.084299  1.096993
0.628610  -0.735030
0.942217  -0.171340
-1.018490  -0.044582
0.215479  -0.926835
1.499041  -0.212107
1.171215  -0.249917
0.237310  1.370256
0.951446  -0.443461
-0.680590  0.625779
-0.928248  0.498271
1.006084  0.251056
-0.136528  -0.575345
0.752525  0.286455
-0.718561  -0.728040
0.901642  0.107691
0.830604  0.109395
-0.568495  0.721016
0.272983  -0.990971
-0.097634  -1.039587
-0.220401  0.984804
0.869111  -0.455406
-1.195702  -0.326882
1.283651  -0.186103
-0.711075  0.162187
0.499744  -0.673188
0.695946  -1.207533
-0.075531  -0.978545
-0.305383  -1.363732
1.255110  -0.053563
-0.691797  -0.536103
0.127590  -0.704170
-0.651947  0.917066
0.321301  1.183452
0.089232  -0.896295
-1.226223  0.235741
0.477520  0.806464
0.965601  0.016018
-1.223630  -0.209884
-0.120323  1.067003
0.030417  0.601282
-0.703534  -0.074803
0.354265  -0.750833
0.715289  -0.776063
-0.441929  -1.169739
0.598111  0.221300
-0.808670  -0.034882
0.987008  0.795305
-0.211813  -0.839841
-0.381542  1.051153
-0.995275  -0.525689
0.796903  -0.084102
1.050547  0.446286
0.265290  0.720705
0.740181  -0.476135
0.125398  -1.048151
0.802352  0.491510
0.358877  -0.644207
-0.434932  -0.751762
0.958404  -0.544580
-1.572567  -0.314214
0.040010  1.006266
-0.431307  -0.674618
-0.104101  0.957499
-1.247614  -0.069984
-0.434571  -0.735521
0.353033  0.808320
-0.873552  -0.298504
0.296617  -0.844708
-0.454441  -0.874688
0.758958  -0.682227
0.903277  0.076717
0.537248  0.721757
-1.215329  -0.090476
-0.073749  -1.009570
-0.473832  0.908538
-0.974826  0.465182
0.331739  1.193706
-0.947493  -0.434877
0.478347  0.788647
0.566409  0.793344
-1.093957  0.018791
-0.023413  -1.181513
-0.468270  0.792694
-1.057326  0.716895
0.915117  0.101696
-1.045305  0.995883
-0.723577  0.558601
0.195548  -0.924600
-0.387512  0.967314
0.675252  0.970352
-0.690784  -1.090925
-0.514116  -1.099719
0.772377  -0.115345
0.221121  -0.759860
-0.255399  -0.623825
-0.135328  0.983527
0.435106  -0.518975
-0.940256  0.065949
0.155571  1.062706
-0.505415  -0.723228
0.314765  -0.910989
-0.845814  0.439433
-1.095613  0.308632
0.896442  0.491942
-0.242340  0.645989
-0.755317  0.897739
-0.684792  -0.500040
1.120933  -0.336999
-0.563341  0.620052
0.449580  1.021308
0.110980  0.956275
-0.968397  -0.342399
-0.106038  -0.872867
1.083017  -0.033132
-0.323366  1.053393
0.644469  0.239886
-0.315496  1.105337
0.431833  1.021080
0.897830  -0.004931
-0.687242  -0.469161
-0.724295  0.776503
0.950217  0.654719
-0.887438  0.526848
0.470895  0.488079
-0.546762  0.529805
-0.465647  -1.227939
-0.791360  0.976697
1.079990  0.326760
0.873592  -0.778149
0.474891  -0.655451
-0.278789  1.119973
0.682473  0.740426
0.624453  0.583904
0.358266  1.041748
-0.902590  -0.561629
1.163724  -0.585687
0.891249  0.334590
0.781185  0.327255
0.114069  0.890702
0.767392  1.068180
1.098102  -0.750712
-1.014988  0.188766
0.758741  -0.493178
1.056100  0.649952
0.454532  -1.030105
-0.387284  0.756200
0.230548  -0.872510
0.639218  -0.549526
0.955896  -0.372046
-0.150858  -0.978050
-0.849795  0.401347
0.423643  -0.596125
-0.019760  0.570479
0.825319  -0.887978
0.102585  1.094267
-0.742461  0.221183
0.339533  -0.896695
-0.849702  -0.237398
-0.493458  -0.836791
-1.079409  0.268386
-0.501504  0.678697
0.133203  0.815839
0.314448  1.022539
0.304456  1.232537
-1.232473  0.209783
-0.837277  0.602320
-1.090449  -0.396687
1.027037  0.578259
0.485644  1.152531
-0.885371  -0.178232
-0.004969  -1.004239
-1.127368  -0.215060
0.734134  -0.032884
-0.373144  0.835833
-0.605283  -0.014022
0.731262  0.567115
1.052102  -0.675752
0.556469  0.793443
0.083220  1.230481
-0.373797  -0.884155
-0.562125  -1.029494
0.676251  0.154332
0.161686  -0.826711
0.764602  0.488636
0.591508  -0.964804
-0.428050  -0.638775
0.283319  -1.342161
0.392636  -0.729993
-0.220777  -0.885286
-0.539611  0.815095
0.907675  0.505692
0.957330  0.422704
-0.322995  1.276919
-1.018863  0.001176
-0.866800  -0.409352
-0.875138  0.961750
-0.800193  -0.128065
0.842692  0.437449
-0.205288  -0.811327
1.037877  -0.251131
-1.093403  -0.135822
0.648949  0.456494
0.251266  0.982162
0.284049  -0.965867
-1.147728  -0.072069
0.395896  0.698876
-0.785288  -0.674144
0.817074  0.519596
-0.405594  -0.619000
-1.092482  0.231636
0.446579  0.585566
0.502543  0.885316
0.810055  -0.141032
0.672902  -0.456791
0.095852  -1.112765
0.256288  0.751022
-0.645180  -0.564437
0.290433  0.539365
0.560803  0.659511
-0.172219  -1.034958
-0.632859  0.657819
0.944420  -0.150679
-0.348174  0.799036
0.341478  -0.779665
-0.415418  -0.951198
-1.065491  -0.863866
0.861957  -0.691371
0.223242  -0.784357
1.180598  0.387831
1.070091  0.800255
0.534153  0.731013
-0.614755  -0.576369
-0.267825  -1.093882
-0.755063  0.809175
0.899412  0.423503
0.662079  0.349784
0.090994  0.627897
0.102920  -1.174860
-0.383465  -0.485345
-0.478943  -0.883688
-0.017795  -0.645182
-0.862407  -0.462659
-0.135865  1.188278
1.289810  -0.179283
-0.553814  -0.758757
-0.349563  -0.786976
-1.133681  0.462334
-1.259564  0.638573
0.399719  -1.246484
-0.676251  0.483444
0.863445  -0.132676
-0.971884  -0.171392
-0.716467  0.385542
0.861914  -0.170373
0.167910  -0.807957
0.435368  1.085854
-0.737855  -0.486947
-0.338408  -0.972000
-0.603926  -0.548943
0.723028  0.721133
0.788456  -0.613753
-0.881199  0.886470
0.357280  -0.761625
0.107175  -0.754578
-0.854198  0.560738
1.411066  0.294188
0.778138  0.703861
1.050639  1.036358
-0.029492  -0.856433
-0.754154  0.343859
-0.128507  -1.013317
0.045379  0.928573
0.988998  0.246267
0.983180  0.752547
-0.690405  0.822105
-1.200345  -0.217999
0.177859  -0.783287
-0.914470  0.725803
1.490180  0.165166
0.661377  0.024149
-1.012208  0.015580
0.611042  0.500724
-0.291220  -0.297357
1.202099  0.482656
0.837005  0.401785
0.718172  0.671302
-0.542403  1.549764
0.369099  -1.897524
-1.413798  -1.194922
1.358548  -1.467805
0.787062  -1.391594
2.157564  0.018631
0.857284  1.717633
-1.801130  0.371791
-0.237902  2.253949
1.630658  -0.092468
0.388516  -2.001367
1.904689  -0.235063
-0.407993  -2.006668
-2.196633  -0.856500
0.984757  1.610443
0.814165  2.000465
0.604177  1.723060
1.770522  0.611151
1.348130  -1.785136
-0.897161  1.959380
-1.298587  1.533610
-2.023536  -0.909311
-0.921049  1.742726
1.090734  -1.332861
2.173702  0.269349
-0.533205  -1.310875
-1.665725  -0.197189
-1.474639  -0.736283
-1.070854  -1.336857
-1.934431  -0.552911
-1.427505  -1.107812
0.648115  1.760386
0.531393  2.126784
-1.971615  -0.255473
-1.340932  0.822830
-1.412445  0.862784
1.476421  1.666430
-0.689896  1.927323
1.507634  -1.556963
-1.016366  1.297369
-1.535270  1.459237
-0.674945  1.737588
0.105680  -2.044077
1.850472  -0.213623
-2.441419  0.308130
1.298312  1.599964
1.839655  -1.056820
2.169770  -0.203377
-0.686832  2.062015
1.321155  -1.480904
-0.918902  1.938439
0.738099  -1.738001
-0.703049  1.720688
1.852263  -1.187670
-2.077278  -0.235784
-1.400602  1.488153
-1.656397  0.991095
-0.411122  1.927439
1.189105  -1.450667
0.555166  1.664709
1.938248  -0.978348
-1.829106  0.946698
0.253479  -1.882352
-1.667605  0.415413
-2.055761  0.329812
0.459494  -2.156665
0.701904  1.430799
1.152785  1.637560
1.197599  2.018715
-1.263473  -1.551572
-1.759040  -0.962665
0.390441  2.251652
-2.319571  0.257159
1.815756  -0.211705
0.514775  1.869812
0.776763  -1.763484
-1.140068  2.079908
-0.424502  1.860369
0.764776  -1.946605
1.973778  0.483888
1.282045  1.313383
-1.939921  -0.777728
-2.115191  -0.505298
1.910569  0.351683
2.164500  -0.014077
-0.749781  -1.901647
-2.026609  -0.718931
-1.594760  0.646340
-0.959820  -1.730080
-0.932795  -2.057596
1.768485  -0.211951
1.858541  -0.000503
-1.392634  -1.243609
-2.059500  -0.193327
-0.117895  -1.980891
1.576735  -0.617858
1.902222  0.457064
-2.370938  -0.159982
-1.798334  1.557073
-2.055261  0.093318
-1.866648  0.899872
1.539389  -1.908275
0.485390  -1.872485
1.804066  -0.725367
-1.302161  1.460894
-1.528392  -0.726917
-1.846073  -1.109256
-1.690019  1.188489
2.096264  -0.012712
-0.015116  -2.062839
0.978457  -1.505474
-0.915228  -1.602570
-2.035412  0.715631
1.146498  1.831441
-1.755268  1.191864
-1.349842  -1.079785
0.673241  1.773548
-1.567828  1.457574
1.518831  -1.359743
-1.107672  1.534157
-1.515289  -0.144605
-0.483712  2.205754
-0.148913  -1.877300
-0.520436  -1.687888
1.958631  0.301535
-1.762078  -0.522620
1.884221  1.388432
-2.067762  0.090678
-1.990610  -0.915644
-1.681842  -0.008560
1.304508  -1.401443
-1.344213  -0.684271
-1.767283  -0.394357
-1.060668  -1.856090
-1.064908  -1.486066
-1.974940  -0.936592
-1.460969  1.295722
1.711464  -0.391070
-2.092980  -0.066274
-1.979662  -0.091618
-1.098795  1.569935
-0.702871  -1.967311
0.921471  -2.178324
-1.693649  1.121594
0.496136  -1.850282
2.005212  -1.089422
-1.966270  0.038043
-0.113897  2.146309
1.790851  -0.430630
1.860331  1.243724
-1.236974  -1.346615
2.032538  -1.038228
1.561092  -0.691674
1.933247  -0.866430
-1.959836  -1.058402
1.688069  -1.255473
-2.030248  0.823168
-0.443024  1.994613
-0.971184  1.719479
2.535203  -0.117154
-0.098426  -1.722114
1.982172  -1.033513
2.044004  0.816190
0.682021  1.888607
0.682350  -1.664032
1.426825  -1.137126
-1.693801  -0.233464
-0.425158  2.263432
-1.993906  -0.258393
-1.576117  -0.612466
-1.996422  -0.647369
-1.772783  0.996851
1.146329  -1.967213
1.940891  1.041747
0.925639  2.055792
0.759169  -2.051339
-1.694742  -1.457193
-0.159388  -2.300961
-1.110117  1.677988
2.141220  1.012890
1.981452  0.925162
-1.865577  0.958387
0.204220  -2.077342
0.774238  1.480621
-1.441888  -1.459682
-0.767192  -1.881415
-1.652900  0.332830
1.810027  -0.366746
-0.848733  1.329580
-0.707307  1.998403
-1.829245  -0.401807
-1.010286  -1.455204
-1.959727  0.076795
1.628793  -0.975976
-1.843991  -1.116280
1.845176  -0.072469
0.406110  -2.126151
1.907083  0.354519
-0.277897  -1.641349
-0.537809  -2.025937
1.789089  -0.486912
1.964872  0.255297
1.751766  -0.795853
0.842288  -1.764842
2.092584  -0.141443
0.859964  -1.529257
-1.968439  -0.660916
1.832336  0.514730
-1.559487  -1.639373
0.690878  -1.985223
1.943024  -1.043645
1.782519  0.704301
1.007430  -1.424155
2.152336  0.161112
0.649089  1.657877
2.128729  0.367052
1.876559  -0.458677
-1.016145  1.541492
0.253137  1.909011
-1.862430  0.599153
-0.035982  -1.970376
-1.284157  1.284092
1.859771  0.684974
1.513395  1.349258
-1.285613  -1.359786
-1.506030  -1.417915
0.603970  -2.148375
0.007905  1.711333
2.032056  -0.509458
-2.054142  0.551807
1.369653  1.440261
-0.526254  1.535060
1.898419  -0.087421
0.187661  2.022940
0.046854  -1.811174
-0.847739  -1.986392
2.163928  -0.339169
-1.534806  -1.440377
-2.378478  0.730800
0.389311  -2.070586
1.917841  -0.088560
-1.738768  -0.466158
1.761021  0.026983
-1.655301  -1.243303
-1.795331  0.160255
1.362541  1.454236
-1.227827  1.576604
1.611506  -0.746286
-0.807513  -2.035621
0.995951  1.255243
-0.916647  1.908376
1.063387  1.778738
-1.795892  1.467551
-1.658979  -0.628490
1.695855  -1.557191
-1.556631  -1.224730
1.336748  -1.405101
0.877462  2.348012
-1.478711  -1.519498
-1.471005  1.601030
-1.708750  -0.913087
-1.568795  0.946402
-1.696039  -0.592665
-1.088419  -1.315235
1.734496  -0.467869
0.986557  -1.834722
-2.140388  1.007471
-1.684799  0.971716
-0.991883  -1.650866
0.591514  -1.728575
-1.775124  -0.792283
-0.710005  1.687394
1.501101  -0.970037
1.635258  1.264453
1.928064  -0.704836
2.039981  -0.783936
-1.744056  1.158867
-1.790877  -0.753908
-0.587296  1.648642
-2.212427  0.076508
2.147538  -0.023248
-1.776825  -0.692801
-1.338788  -1.392505
-1.691594  -0.656306
0.787940  -1.491191
-0.617841  -2.137802
0.659497  2.122937
1.659050  0.395979
1.592448  1.062375
1.387960  1.061017
1.439584  1.380755
2.455035  -0.104544
0.699367  1.707785
1.780871  0.598789
0.455288  -1.883351
-1.534492  -1.439706
1.642003  1.134583
-2.147964  -0.986309
-1.183389  -1.459205
1.536282  1.508822
0.827695  1.885914
-0.008864  1.462273
0.454002  -2.007555
-1.872416  0.521050
-1.221468  1.191379
-0.041173  2.010616
-1.841744  0.962110
0.844693  -1.885559
-1.143823  1.397584
1.248657  1.323779
1.319166  1.064095
-1.502175  0.455407
1.788009  0.946369
-1.198574  1.898855
-1.658971  1.010023
0.974233  -1.628719
1.874920  -1.105918
-1.054157  -1.854097
-0.445209  -2.100407
-1.940116  0.192074
1.768134  1.004539
0.715864  1.735590
-1.331957  -1.254683
-1.288070  1.155127
-0.338287  -1.950942
1.637898  -0.792829
1.296475  1.594677
2.058851  0.740395
-0.706684  1.656275
0.337085  1.860865
-1.655552  -1.033576
1.146107  1.558320
1.592093  0.274487
0.387224  1.605264
-0.106787  -2.254846
-1.189770  -1.444647
-1.126338  -1.441280
0.621260  2.221091
1.025925  -1.814697
2.263717  -0.624087
-0.148604  -2.155724
1.910138  0.122662
1.319333  1.135822
-1.560264  -1.441706
0.291653  1.873412
-1.962182  0.311222
-1.672180  -1.236257
-1.938470  1.017494
1.518017  0.777151
1.998218  0.156749
2.151088  -0.610416
1.546889  1.406760
1.765893  -0.861021
1.294318  -1.580555
0.207301  1.820075
1.443375  1.345825
2.198064  -0.400494
1.439772  -1.413643
-2.085705  -0.677146
-0.627878  -2.362062
-2.114830  0.198843
2.187926  -0.253255
-0.797371  2.019173
-1.166004  -1.286565
1.638735  1.247614
-1.896330  0.654284
-1.430628  -1.640095
-1.252126  -1.515467
1.726904  -0.257489
-1.508719  -1.168765
2.052500  -0.217743
0.500481  1.941349
1.270562  -1.613476
-2.358025  0.039598
0.641029  -2.155221
-1.049503  1.980309
1.893332  -0.503730
-1.720596  1.459012
-1.123277  -1.506779
0.561613  -1.918325
1.518082  -0.997892
-1.217389  -1.628934
1.586577  -0.061373
1.620634  -0.784881
-0.373882  -2.058321
-0.320437  -2.180763
-1.539448  1.233234
-1.521504  -0.481013
-1.347664  1.346558
-0.972907  1.522356
-0.122089  -2.241787
-1.133712  1.853812
1.889858  0.276446
-2.086032  -0.167191
0.012738  1.900341
1.319257  1.234904
-1.741677  1.413432
-1.140485  1.646630
-1.707002  0.907821
2.035106  0.342467
-2.147760  1.179547
1.034578  -1.694410
-1.729995  -0.308475
2.113956  0.299913
-0.645515  1.793253
1.987625  1.035547
-0.704481  -1.763185
0.993656  1.766994
-1.656237  -1.178858
-0.633866  -1.892787
0.423485  -1.830307
1.142319  -1.821841
-1.065211  -1.624539
-1.440526  -1.160721
0.315093  -2.073969
1.697230  1.341843
0.917659  1.401587
-2.126609  0.567812
-1.846220  -0.770843
1.955217  -1.159914
1.694152  1.056458
-1.037190  1.929025
1.575867  1.371088
1.003668  -1.781120
1.250324  1.577130
-0.853494  2.114371
-0.901008  2.091763
1.766557  -0.823742
-1.746453  0.494665
-1.934250  -0.386870
-2.197684  -0.264142
-1.883492  0.725344
-1.946564  -0.583552
-0.695351  -2.095049
-1.140220  -1.246377
-1.896197  0.532385
1.418824  1.545544
-1.909577  -0.774749
1.902644  0.915858
-1.663563  -1.412247
1.833034  -0.711817
-0.387281  -2.193625
-1.637837  -1.394928
0.432917  -1.914758
0.964644  1.718778
1.212285  -1.576020
-0.674632  1.918470
-1.626656  -1.166913
-1.408499  -0.708382
1.287638  1.551151
1.719885  -0.935454
-1.030133  1.999003
-1.351383  0.925534
1.706943  1.167844
-0.401266  1.932520
-1.672085  1.128985
1.510890  1.084616
0.047880  -1.880616
0.554795  -2.010534
-1.136503  1.602927
-1.341332  -1.533974
-0.330600  1.319653
1.926109  0.881875
1.655619  0.937754
1.623387  1.153857
-1.645755  1.361660
0.088794  2.030114
1.686069  0.392288
-1.628944  -1.603347
-1.516080  -1.077474
1.643226  1.767178
0.530446  1.661640
1.432161  -1.836961
-1.388817  -1.342728
-2.028774  -0.336122
0.343442  1.957749
1.995458  -0.000189
1.919281  -0.222852
0.968321  1.652006
-0.625141  -1.236616
0.712446  2.002166
-1.460541  -1.602487
0.099630  -1.939383
-0.398786  2.012828
-0.357362  -2.103446
-1.070280  1.659427
2.219933  -0.253859
-1.909071  1.244026
-0.091665  -1.819308
1.224735  -1.511341
-1.066528  -1.823140
-1.552153  -1.111813
0.763770  1.438692
-0.771500  2.065781
-1.517915  -1.361403
1.504562  1.223840
0.231951  -1.581214
-1.328679  -1.847379
1.674388  1.201218
-0.570930  1.750146
1.281803  1.641550
-1.938476  0.640032
-1.367033  1.681215
0.520313  1.936324
1.687177  -0.854149
0.155957  2.171551
-1.589331  1.363449
1.830977  1.156500
1.498398  -0.570725
-1.816713  0.770443
-2.159244  -0.259778
-0.792215  -1.933734
-0.671425  1.520986
-0.131304  -1.820038
0.796288  1.812540
-1.167210  1.071325
0.386623  -2.194733
0.601359  1.620870
1.140733  -1.956646
1.655825  -1.391431
2.045471  -0.545417
-1.624143  -1.404123
1.361736  1.218409
-0.565598  -1.523924
1.250791  -1.408540
1.164749  1.893517
1.855948  1.043540
0.797126  -1.482903
-0.382328  -1.532132
2.197056  0.287945
-1.855518  1.062952
-0.007203  -1.702953
-0.638654  2.259242
1.227859  1.583105
-0.484339  1.863562
-0.076383  -1.815535
1.641194  0.820073
0.676425  -1.794221
0.388886  -1.764949
-1.890534  -0.863597
-1.681648  0.556997
1.038912  2.018434
0.414887  -2.098260
0.549623  -2.211147
-0.796289  -1.692655
0.112712  -1.906466
0.974956  1.750906
1.607739  -1.141463
0.461267  2.421083
2.074709  0.232361
1.948048  0.456973
-2.296610  -0.961921
-1.948159  0.048420
-0.829817  1.776931
-0.975781  1.779722
1.989064  -1.109839
1.908565  -0.626559
1.899222  1.040546
-1.932608  -0.853555
1.258196  1.754007
-0.138651  -1.504287
-0.130305  2.076388
-0.071309  2.119635
0.967347  -1.401993
2.158288  0.069160
-1.431581  -1.029113
-0.351105  1.734096
-1.604677  1.141972
0.083969  -2.208905
0.610346  -1.633917
-1.022271  1.710123
-1.499374  -1.297712
-1.275087  1.460621
-1.820425  0.924635
-1.544237  -1.708585
-0.715099  1.907366
0.578431  1.851971
0.743938  -1.775932
-0.195130  -1.886706
0.113591  1.915207
1.690065  -1.472371
-0.065339  -1.905442
1.966064  -0.965908
0.183543  -1.860110
0.551862  -1.699446
1.487684  -1.482149
-0.414545  -2.152763
-1.159964  -1.700902
1.907901  0.129337
0.267849  -1.908506
-0.057120  2.202020
1.895185  0.479343
1.204336  1.395863
0.460772  1.591119
1.725328  -1.220466
0.520418  -1.527232
-0.016716  -1.737787
-1.749018  0.160857
-2.216084  -0.003609
2.220922  0.313166
0.131847  -1.990777
-0.112249  1.725978
1.848985  0.621151
-1.450189  1.641576
-1.255998  1.588411
-1.360971  1.509782
-1.090483  1.462527
1.778300  -0.381302
1.361823  -1.798032
1.951177  -0.683218
1.922858  0.645762
-0.860868  -1.817452
0.089034  -2.429892
-1.645854  0.982146
1.234886  -1.808017
-1.877843  -0.642680
1.814986  0.050853
-1.542527  1.627109
0.894442  1.673567
0.077224  -1.891168
0.679487  -1.470509
-1.866422  0.046497
-1.572728  -1.267784
-1.972533  1.024294
-1.621197  -1.534012
0.740935  1.806659
0.660565  2.162814
-2.043403  -0.034214
-1.912572  0.418457
0.734662  1.827686
-1.877374  0.940515
1.735431  0.980705
-0.740778  1.912390
-1.703057  -1.035191
-1.798025  1.450149
-1.351834  -1.606627
0.417792  2.208448
-0.669520  -1.605623
-2.160371  -0.704579
1.339624  0.839299
-0.450557  1.998789
-1.571157  0.735917
2.004441  0.383492
-0.274543  -2.203011
0.742957  -2.327578
1.714417  1.259243
-1.853004  0.266973
-0.241994  2.012632
0.821148  1.665332
-0.775748  -1.772126
1.100593  -1.526279
0.797411  -1.850350
-1.546665  1.314162
-1.371191  -1.540910
-1.921766  1.466633
-1.850872  1.068179
-1.932822  0.669486
-0.452114  -1.859531
0.396013  -1.730264
-1.276198  0.997110
1.157579  1.463347
-0.556183  -1.668757
-1.858361  -0.713953
-0.081923  -2.081080
-1.541718  0.883290
0.451236  1.771938
-1.431370  -1.182347
1.509369  -1.298468
1.460885  1.339286
-1.552244  -1.362385
-2.256978  -0.447698
1.597684  -1.159423
-1.178703  -1.659469
-1.955718  -0.795353
-0.883649  1.811217
1.669884  -0.377730
1.861860  0.380302
0.444559  -1.778454
1.089606  -1.779927
-1.972650  0.770890
1.936844  0.412009
1.770028  -1.265519
1.216106  -1.393557
1.859909  -1.495661
-0.902558  -1.589552
-1.921768  -1.043677
1.559787  -1.456016
1.968817  0.203925
0.576334  1.602701
1.284277  1.497795
-0.586033  1.426877
-0.744344  -1.760517
-1.963527  0.774460
1.543037  -1.384559
2.093966  0.448714
-1.506330  -0.801209
1.831431  -0.924591
-2.097578  -0.870212
-1.444927  -1.045511
-1.280387  -1.416823
0.680575  1.848720
-2.047518  0.594532
0.928983  1.604258
-1.244469  -1.745684
-1.446158  1.322113
1.476819  -0.892370
-1.698517  -0.247528
1.676630  1.360892
-0.296414  -1.756830
1.922189  0.325698
-1.369520  1.770598
1.403719  -1.625916
-0.180892  -2.138471
-0.282751  2.099276
0.657008  -1.741986
1.011528  -1.723289
1.123443  1.563679
1.668181  1.099401
-1.585030  1.238618
1.631471  -1.141950
-0.969748  1.731504
1.686154  1.431565
0.274952  2.048611
0.505687  1.965018
1.214428  -1.633736
0.725377  1.925514
-0.355050  2.125017
2.068751  -0.532312
1.631378  1.135709
0.304506  -2.240512
-1.881064  0.415989
1.810924  1.082749
-0.910970  -1.672888
2.104809  -0.221756
-1.816618  -0.330422
-0.027773  1.844290
0.320706  2.153702
2.090126  -1.097538
1.380757  1.343189
1.261609  -1.252315
1.221700  1.083198
-1.997589  0.017636
-2.209298  -0.449371
-1.422296  1.321158
0.833235  -1.829974
-1.021493  -1.558005
-1.276655  -1.177385
-1.245724  -1.280056
1.242055  1.963542
-1.838080  -0.049477
0.058051  -2.134290
2.190751  -0.482505
-2.078633  -0.827182
1.304845  1.596115
-1.734086  -0.716745
2.078849  0.350353
-0.021350  1.786246
0.514912  -1.807009
-0.473319  -1.871684
-0.829405  1.584875
-0.524249  -2.025231
1.317149  1.069718
1.473807  1.270930
0.859443  -2.015782
0.013253  -2.076252
1.145351  2.004509
-0.309861  1.702287
1.246234  -1.477935
1.725193  -1.228290
2.043331  0.922612
0.518665  -1.981200
1.974654  0.217308
1.026181  -1.428095
-0.227159  2.133589
1.664925  -0.191591
1.959173  -0.357329
2.004830  -0.879142
-0.877638  2.051756
-0.256425  1.776224
0.319812  1.872434
-0.569222  -2.100740
1.512816  1.127989
-0.857114  1.624973
0.228699  -1.528053
-1.746338  0.891819
1.930907  -0.429947
2.079908  0.137885
0.626640  -2.298189
-1.213627  -1.090200
0.833955  -1.819772
1.921239  -0.247090
-1.174411  1.481610
-1.275658  1.626689
2.061247  0.086149
-0.494010  -1.783714
-1.629155  -0.826898
-1.807427  1.066599
-1.176433  1.506201
-1.794385  -0.495941
1.806081  -0.268884
0.150920  2.298894
1.405258  1.179373
-0.379173  -1.751328
-1.588095  -1.189070
-1.820362  -0.819039
-1.046244  1.786481
-1.457612  0.309813
2.125684  -0.500088
1.084400  -1.735051
1.731342  1.064536
-0.735192  -1.687160
0.621477  1.982420
-0.385820  2.141866
0.745264  -1.876816
0.950155  -1.413127
-1.584393  0.767633
1.522074  1.883211
-1.899366  0.908263
0.596932  -2.252256
1.016181  1.435674
0.027271  -1.872971
0.929066  -1.706779
-1.977876  0.158587
-2.188471  0.793316
1.819136  -0.992299
-0.048975  2.277104
-0.032865  1.995317
1.995879  -0.310512
-0.482619  -1.919577
-1.583945  -1.092002
-1.066842  -1.803875
1.899293  0.184199
1.886265  0.596170
-1.933236  0.957766
-1.421428  -1.157832
-1.556889  1.319193
2.300452  0.089512
1.264326  1.307931
1.974999  -0.532491
-1.225904  1.108596
1.556899  -1.408127
-1.127568  1.253884
-1.025469  -1.761712
-0.738197  1.928245
-0.490596  2.122885
0.159701  1.788432
0.046782  2.030761
-1.265748  -1.508528
-0.922666  -1.709363
1.901138  1.101668
0.581230  1.823738
1.647479  0.446762
0.556705  1.925177
1.228588  -1.723787
-0.459631  2.121733
1.482730  -1.628675
1.572447  -1.366893
1.715333  0.166420
0.443015  2.197390
1.800404  -0.666067
-1.163893  1.889096
-0.827331  -1.513228
-0.412245  1.841958
-2.094546  -0.344663
1.269098  1.362895
-1.575237  -1.088508
1.851306  -0.817058
-1.940294  1.182234
0.722484  -1.853683
-1.883895  0.532350
-0.138613  2.198044
0.955189  -1.330716
-0.833841  -1.694036
1.369308  -1.456128
-1.806214  1.507577
-1.270002  -1.276866
-1.498693  1.172367
0.524180  -2.169479
-1.291335  -0.928651
0.051002  1.871495
0.409973  2.083346
0.636362  -2.063949
-1.937978  -0.208377
-1.579338  -1.116085
-1.675994  -0.851178
-1.188256  -1.530042
-0.534913  -1.620477
-0.334524  1.991792
-1.625761  1.448604
1.903839  -0.204435
-1.236455  -1.389440
1.869430  -0.099344
0.090817  2.141829
-1.642787  -1.484350
1.031379  1.814927
0.854103  1.803670
1.545143  -1.348767
1.862666  -0.905414
1.461086  -1.370957
-0.627546  -1.811309
1.673815  0.907584
1.414832  1.677719
-1.675874  -1.180396
0.345654  -1.829379
1.923868  -0.571591
-1.684039  0.438090
-2.112981  0.445238
-0.346948  2.230784
-0.415334  -1.972185
-0.173778  1.627962
-1.274003  -1.224508
-0.854489  1.605628
0.886254  1.725635
-0.878615  -1.688956
-0.604145  -1.650267
1.940476  -1.094890
1.191555  1.468417
1.270668  1.484400
0.514748  1.843063
-1.724874  -0.194251
1.046849  -1.084651
0.520564  1.958182
0.247866  2.037043
-1.482932  1.614297
0.366014  1.950675
0.626755  2.066281
-0.933741  1.633489
1.181599  1.876616
-1.969221  0.867429
0.529917  -2.060063
0.157172  1.934941
-0.679102  -1.742251
1.333652  1.470862
-1.721969  -0.265562
0.386732  1.695122
1.710814  1.255151
1.673794  -0.316369
1.504737  0.403325
1.360287  1.160584
2.183173  0.038338
0.499319  -1.863991
1.225628  -1.953188
1.254888  -1.865260
0.037138  2.106816
0.819360  -1.615442
-1.163214  -1.482981
-1.467767  1.202899
-1.198083  1.712910
-1.837809  0.342043
0.316134  -2.297461
-1.271892  1.347767
-0.686264  -1.635407
-1.976658  -1.503602
0.578164  1.384192
0.639896  -1.970155
-0.334600  -1.713628
0.904700  -1.580828
-0.221924  1.874969
-0.497465  1.983807
2.046835  0.611839
-1.655444  -0.586389
-1.660077  -1.268876
1.747827  0.890519
0.989327  -1.666790
1.089264  1.297161
2.196242  -0.102742
2.038521  0.008513
1.578574  -1.422630
-0.286572  -2.050435
0.465900  -2.093937
1.773456  -1.222473
0.104234  2.049101
-1.347945  1.490503
-0.645370  2.035597
1.042324  1.421393
1.423783  1.215326
-1.990178  0.066616
-1.436122  -1.547795
-1.354037  -1.166070
-2.096500  -0.731463
-1.171795  1.673509
-1.771568  0.894371
1.599135  1.262230
-0.690647  1.848300
1.876168  0.578501
0.601816  -1.800952
2.200734  -0.516424
-1.275227  1.595535
2.032925  0.886311
-1.060040  -1.626803
0.027722  2.118200
-0.827652  1.854491
2.000742  1.339621
-1.763609  -0.521643
-1.816958  -0.517881
0.493182  1.592292
-1.356485  -1.404132
2.146990  0.440627
-0.044199  -2.330622
-1.810958  0.796700
-1.876221  -0.553490
-2.320620  -0.458852
-0.087028  -1.592781
-2.085942  -0.256691
1.658441  1.172063
-1.766683  0.266039
2.322544  0.416212
-0.004429  2.008580
0.175341  1.893378
1.514422  -1.616353
-0.907223  1.485825
-1.582400  1.259905
-1.431515  1.385569
2.011423  0.354762
-2.031980  0.576930
-1.169381  1.876937
2.022735  0.491281
1.718581  0.208018
0.282571  1.815488
-1.683974  1.820480
1.275824  1.595689
1.563970  -0.983136
0.743624  -1.671041
-1.273212  -1.514791
2.188973  -0.000577
-0.781793  1.586067
-1.454586  -0.176188
2.002513  -1.066833
-1.071151  1.593947
-1.793938  0.730540
1.165510  1.329737
1.014014  1.367149
-1.202141  -1.428941
1.715350  -0.159700
0.297742  2.090818
0.770278  -1.892084
-1.211473  -1.638685
1.753178  -1.159798
1.287598  1.809347
1.978352  -0.683783
2.222050  0.008705
1.619451  1.371486
1.278798  1.128881
-0.512965  1.793468
-0.470710  -1.965258
0.916532  1.276109
-0.978481  -1.741796
-2.070763  0.666642
1.645324  0.435815
1.844917  0.866340
-1.485616  2.130729
-1.444938  1.165681
1.431259  0.930346
1.050631  -1.659788
-2.302590  -0.661445
1.227475  -1.395853
-0.120575  2.026236
1.381236  -1.065179
1.868188  0.769787
-1.977910  0.495020
-1.502821  1.132599
0.068635  1.896410
-1.704444  -0.583277
-1.741660  -0.452420
-1.640365  0.679348
-1.505669  1.177915
2.030707  -0.775568
1.928888  0.783440
-0.521242  -2.039131
0.274624  1.951319
-0.507758  -2.071913
-1.707431  -0.470944
-0.815218  -2.107058
-1.807494  -1.249291
1.316092  -1.505722
-0.889035  2.133249
0.810896  1.865302
1.572854  -0.930234
2.091541  0.111639
-1.978101  0.325941
-1.253727  1.234471
1.453751  -1.247017
1.805744  0.529140
-0.480739  -2.122352
1.928383  0.291336
-2.047568  -0.953741
-1.314037  -0.984520
1.361131  -1.295647
0.287435  2.021818
1.193540  -1.143251
-0.894416  -1.696838
-2.102240  0.058531
-0.794822  -1.830312
1.704946  -0.560597
-0.448985  -1.661471
-1.439013  -1.512767
0.446211  1.665551
-0.147657  2.441652
-1.954689  -0.023766
-0.340617  -2.029303
-1.287935  1.285938
1.261825  -1.121428
-1.784430  -0.856513
2.139385  0.098209
1.661603  1.125172
-0.880077  -2.064874
-2.000638  -0.014039
1.613202  1.228355
-1.570947  1.127901
-0.588451  -1.796986
-1.662472  -0.194539
1.617378  -0.391884
-1.996776  -0.040827
1.756506  -0.003145
1.377928  -1.498748
-1.122779  1.487902
-1.466421  -1.078632
-1.831249  -0.700027
1.813823  0.077358
0.620568  1.894354
-1.975285  -0.660345
-2.022178  0.992328
2.013341  -0.395821
1.199488  -1.351851
-0.366662  1.729120
-2.109320  0.172447
-1.818864  0.501773
-0.185547  2.025425
1.909991  0.813183
-1.496306  0.247220
1.133615  1.631822
-0.294398  -1.940262
-0.346145  -1.708273
-1.371941  -1.274997
0.339541  2.092842
-0.300237  -1.629084
-0.502969  -1.760507
1.574931  0.769797
-0.886832  -1.888252
-0.928127  1.932680
-0.286790  -2.159164
1.153947  -1.653969
-0.288071  1.964454
1.630469  -0.425937
-0.103622  -1.942391
1.374750  -0.836042
1.858159  1.068273
1.968154  -0.880587
2.190992  0.081786
-1.843735  0.551605
0.171459  -2.160836
-2.277718  -0.011728
1.191880  1.494300
1.954988  -0.154490
1.485534  -1.412106
0.294283  -1.764225
-1.821652  -1.419852
1.268990  1.751949
-0.408494  1.821028
1.208381  1.539950
1.847526  0.165957
-1.863316  0.857005
-0.435099  -2.056165
2.200082  -0.872584
2.129838  -0.110650
1.157786  -1.446155
2.183762  -0.604848
-0.211722  1.898061
2.118444  -0.487227
-0.080349  2.268836
-1.067181  1.727786
-1.445491  1.363710
0.197109  1.917789
1.182238  -1.905651
0.415547  -1.806008
-0.241669  -1.679838
0.487696  -2.021451
-0.504740  1.929705
-1.955885  0.355512
-0.793164  2.060275
-1.949763  0.819871
1.792763  -0.552595
-0.848836  1.702622
2.100699  -0.116421
0.555988  2.205968
1.719066  1.530038
1.976966  0.346862
-1.752790  -0.537308
-0.236554  -1.987188
0.101343  -2.063522
1.259034  -1.427960
1.436426  -1.325791
-0.985548  1.585606
0.395748  1.905242
2.165354  -0.370956
-0.733962  -2.086867
-2.148454  0.312500
-1.604264  1.087876
-1.438594  1.346762
0.715644  -2.034350
1.883456  -1.002410
-0.102210  1.915566
-0.963233  -1.881965
1.504991  -1.565993
-1.222417  1.673711
-0.778175  -1.805507
-1.937945  -0.156022
-1.802822  0.659223
0.585071  -1.763416
2.132973  0.167032
-2.008730  -0.054150
-1.909205  0.021444
1.446212  -1.452191
-1.205284  1.415160
-2.241334  -0.026322
-0.257298  -2.083806
-1.631685  -1.253088
1.001603  -1.677901
-1.623362  1.327029
1.901423  -0.246900
1.999667  0.205559
1.172217  1.391350
-0.299653  2.183827
-2.005137  1.022392
-1.156323  1.697767
-1.666075  -0.353345
-2.002854  0.330612
-1.483368  -1.050102
-0.666422  1.646813
-0.233516  -1.932831
-2.102513  -0.563323
-1.821652  -0.341231
-0.777447  1.498213
-1.828091  -0.357576
-2.057285  -0.281669
0.977058  1.841501
1.648565  0.415015
-0.123312  -1.679552
-0.653964  -1.765953
1.997798  0.004081
1.702559  -0.769152
-0.806948  1.595619
-1.196693  1.129321
-0.925186  -1.690038
0.528522  2.109440
-0.182733  1.299190
1.390929  -0.927390
0.626893  1.614725
-0.249968  2.227074
-1.922657  -0.668931
-1.143138  -1.520367
0.829553  1.517361
0.027559  2.160997
-2.056529  -0.587834
-1.807454  -0.810239
-1.257779  1.715417
-2.017547  -0.481180
-1.213062  -2.010179
-1.749580  -0.173081
-1.350202  1.098395
2.351031  -0.589058
-0.067222  -2.188713
1.874191  1.073825
1.571310  -1.502417
1.374504  1.899760
1.328266  1.231847
1.108413  1.860025
1.616870  -1.419874
-0.391711  -1.891241
1.496290  -0.115469
1.365348  1.135226
-0.287414  -1.726329
-2.096139  -0.907945
2.017395  0.581840
1.199341  -1.508108
-0.840823  1.899348
0.328280  -2.041716
2.103907  -1.180800
1.824228  0.738521
-0.918485  -1.684123
-0.870547  -1.376956
2.173688  0.200973
1.822593  -1.106986
-2.098796  -0.472233
2.024161  -0.498107
1.341499  1.728715
-1.234144  1.360127
-0.090040  2.233344
-1.930974  0.688081
2.149260  -0.696877
-1.300639  -1.576959
1.517575  1.120866
-0.720115  1.617525
2.148594  0.500706
1.549151  -0.768084
0.931740  1.823761
-0.829025  1.919785
-1.556495  -1.440400
-2.440497  0.607843
1.864722  -0.459529
0.401128  -1.893240
-0.021538  -1.739640
0.883243  -1.639735
-1.866904  -0.324208
0.305364  -2.030174
1.438810  -0.833751
-1.190174  -1.516142
-0.004879  -1.708615
-1.840872  -0.694962
-1.326206  -0.310197
0.670564  1.916444
0.196164  2.081922
-0.455285  1.885168
0.750749  -1.754795
1.805345  1.006516
0.045793  1.874880
-0.718931  -1.535059
2.114908  -0.646670
-0.933822  -2.056777
-1.501257  -0.254076
-0.114527  2.181571
0.598849  1.767697
-1.574901  -1.033515
-1.366648  -1.133319
0.360408  1.928161
2.040421  -0.249902
-1.886492  0.883895
-1.879195  -1.035857
-2.080389  -0.042934
1.763918  0.533040
0.780207  -1.656089
1.672502  1.289851
-1.439932  1.174642
-1.192417  1.395311
1.598834  1.008998
-0.761346  1.741092
-0.816794  1.818694
-0.346827  -1.923104
0.471953  2.357374
-0.968761  1.663841
-2.018227  0.630882
1.386498  1.901450
1.237520  -1.482438
1.214937  1.658059
0.491966  -2.077726
0.903182  -2.130139
-1.826553  -0.438148
0.622353  2.116467
0.982843  1.730311
0.350345  -1.648251
-1.514835  1.610846
-1.259443  1.702193
-1.839237  -0.982205
-0.426518  -1.845135
-0.791886  1.759951
-0.998498  1.778869
-1.961269  0.663732
1.324455  1.405131
-0.807507  1.947638
1.953190  -0.224318
1.577717  1.801838
-1.517528  -0.902614
2.112525  0.455739
1.900481  1.586486
-1.411314  -1.368425
1.843880  0.643057
1.579293  1.393225
1.525639  -1.225539
1.432623  -1.571078
1.795159  -1.049218
0.221285  -1.874501
2.127220  -0.026040
-1.149806  -1.836201
-1.840348  0.959905
1.482998  1.687990
2.278952  0.521356
-0.186070  2.303595
-2.015979  -0.867981
-2.176475  0.099709
0.758409  -1.544294
1.896228  0.579079
-1.725252  0.162636
-1.116723  -1.415249
1.904282  -0.881405
-1.748655  -0.587217
-1.153157  1.287697
-1.141691  -1.296362
0.858308  -1.910598
1.101435  -1.893449
0.582734  1.615870
-0.878847  1.468026
-2.035534  0.057376
1.812174  -0.782601
1.984842  0.493042
0.054409  -2.017147
1.893418  1.157057
-0.403107  2.316468
-0.848777  -1.572328
-0.157516  2.068381
-1.248686  1.916315
-1.650778  1.177316
1.739763  1.471670
0.508177  2.011214
-1.798987  1.099441
1.963630  0.978194
0.680301  2.302079
1.926320  -0.465605
-0.091097  2.006101
1.516578  -1.606310
-1.780680  -0.579439
-1.801721  0.838591
-0.850538  1.785052
1.328866  -1.231945
-0.066897  1.612036
1.241595  -1.375659
1.205930  1.734818
0.395081  2.023916
0.133515  1.471217
-1.278313  -1.925576
-1.420398  1.585598
0.804578  -1.669305
1.490856  0.002744
-1.382347  -1.371376
2.037813  0.418089
1.270093  1.864424
-1.981767  0.133373
0.610762  1.527865
-1.475544  -1.573685
0.453671  -1.949619
-1.760699  -0.981843
-1.280733  -1.344368
1.923161  0.314499
-0.655565  -2.120620
1.328709  1.923867
-2.498816  -0.169181
2.195130  0.870152
1.945219  0.226341
1.227964  1.322275
-0.484938  1.686357
0.168223  2.077589
1.838996  -1.134985
1.706326  0.783215
-0.396659  -1.700833
1.383129  -1.192816
1.701168  1.264885
-1.803584  -1.080072
1.544295  0.692066
-0.989026  1.163260
1.719041  0.694519
-0.610846  -2.021409
2.009943  0.569814
0.802910  1.514403
0.819838  1.566068
1.539857  -1.188467
-1.969910  -0.966673
-0.933536  1.874863
-1.748742  0.674051
1.701139  -0.958315
-1.028976  1.846756
-1.693251  -0.509217
-0.215344  -1.772978
-0.308701  2.063019
0.272999  -1.573881
0.123083  2.235603
-1.080469  -1.277425
-1.688137  -1.412188
-0.241570  -1.919731
-1.844558  0.781436
-1.510011  1.356484
1.506578  1.117093
-0.056730  2.351748
2.138270  -0.839788
1.962614  -0.601962
2.121465  -0.362873
-1.768345  -1.077927
2.127259  0.073992
-2.143363  0.180164
-0.154133  1.892644
0.951739  -1.646383
-0.010939  -2.304833
-2.029161  0.370274
0.245739  -1.831943
1.371807  -1.600796
-1.820152  1.383940
0.150748  2.007235
-1.677060  -0.876028
1.615890  0.492840
0.813367  -1.529605
-1.950015  -0.448507
1.513011  0.898228
1.816193  1.220839
-0.612821  1.868213
-0.474688  1.869077
1.858455  0.382348
-1.593810  1.765038
-0.772117  -2.006609
1.791970  0.816389
2.169124  0.751840
-1.446940  1.409835
-1.871049  0.793421
0.724466  -1.769668
-1.778468  -0.640160
-2.049921  0.008428
-0.147137  -1.997631
0.278773  -2.250683
0.845376  -1.803030
0.360681  -2.129401
1.667246  -0.397236
-1.182005  -1.832433
1.634470  0.691747
0.109477  1.927089
0.041179  1.713560
1.912418  1.586741
-0.591679  1.405263
-1.851976  0.286067
-2.123224  0.255074
0.864025  1.849183
-0.266401  2.267335
0.509709  2.071433
1.481004  1.627194
1.149175  1.317564
1.939146  0.767612
-1.864230  0.278911
1.408413  -1.263739
0.079420  -1.901346
-1.924255  -0.485464
1.415078  -1.062181
0.898515  1.804037
-2.073839  -0.240336
-1.463242  -1.433469
-0.252752  -1.747963
0.064752  -2.146929
1.858812  -0.703471
-2.145880  0.557445
-1.870020  1.113181
1.607189  -1.339141
0.490603  1.641320
1.561584  1.564019
0.974451  -1.742552
1.801033  1.693043
-0.844980  1.604744
-0.136918  1.854522
1.603822  1.435220
-1.405402  1.770603
1.308529  1.186366
-1.148377  1.371440
0.857976  -1.634492
1.283654  1.430469
-1.862494  0.298028
0.028156  1.777540
0.064311  1.995895
0.967272  -1.922804
2.023266  0.230219
-1.558059  1.470190
-0.020898  2.076921
1.063771  -1.592427
-2.184769  0.046210
-1.046122  1.478647
1.659517  -0.679990
-1.140126  -1.440350
1.634122  1.547270
0.483593  1.930337
1.785151  -0.655473
1.708036  -0.622989
1.785295  1.270894
2.176425  -0.927489
0.544447  1.633919
1.754731  0.507408
-2.088190  0.099651
1.855339  -0.596219
-0.124766  -2.183929
-1.405217  1.221520
0.174412  1.849203
1.722452  -0.720248
2.159420  0.278957
0.736673  1.907712
-0.286878  1.793923
1.688409  -1.119819
1.512106  1.466960
1.301721  -1.752026
-1.831528  -0.454762
-1.647759  -1.305104
-0.202569  -1.589544
-1.816709  0.322980
0.136676  -1.862752
0.207932  2.101046
1.460393  -1.408089
-1.439069  -1.318138
0.814085  2.093685
2.055933  -0.585064
1.267011  1.431762
0.138060  -1.824849
-1.433131  0.400092
1.301443  1.315614
-2.168907  -0.468528
-0.994919  1.945246
1.075273  1.321784
1.971700  0.687097
-0.764246  1.772569
-0.868185  -1.876183
-2.633618  -1.227949
1.909664  -1.953214
-1.185687  2.944674
2.901364  -0.675760
1.989136  1.921115
2.446922  -0.520174
0.959287  -2.916318
-0.853139  2.814135
1.380075  2.833693
0.984265  2.766873
-3.416218  -0.774590
-2.510820  1.440706
0.251754  3.131956
2.504619  1.971570
-2.254227  1.671568
2.260380  -2.280332
0.986310  -2.936242
-1.716304  2.146541
2.963586  -0.905540
1.929253  2.073597
-1.110318  2.673476
2.625553  1.103142
-3.229749  0.713958
1.764474  2.612956
2.697856  1.263690
-3.341805  0.079199
-2.653102  -0.728778
-1.756828  -2.595017
1.701768  2.415489
-2.017392  -2.546349
1.411543  2.794215
-2.968285  0.294027
3.139886  0.983424
-0.185934  -3.301592
-2.347660  1.878105
1.942843  2.417969
-2.812883  -0.823957
-3.012153  -0.091527
-2.631419  1.866382
1.437766  2.567592
-2.715510  0.181423
-2.304177  2.244565
0.984407  -2.681370
-3.006988  -0.462927
-3.124525  -0.807766
3.492002  0.536975
-0.734239  2.980892
2.995463  -0.146844
-2.815588  -0.056305
0.235944  -2.944810
1.997341  -1.968645
-2.564970  -0.813035
3.001627  0.225496
-1.598262  -2.381418
-1.411807  -2.359861
-1.765839  2.474053
-1.799882  2.491582
2.753627  -1.155124
-2.275696  1.875797
2.815448  1.238270
-2.749440  -1.211006
1.423825  -2.592827
2.391572  -1.835303
3.045484  0.672517
-2.503136  -1.007713
-3.296809  -0.119538
-2.620895  1.676632
0.504673  -3.173952
-0.827267  2.706052
-3.301146  0.480626
-2.753064  0.681691
2.942580  -0.562484
-2.433637  1.832053
-0.844715  -2.595008
2.215194  1.863225
-2.683349  -1.132245
2.854363  1.090113
0.942265  3.264139
-2.677463  1.387484
1.385726  -2.503513
-2.907608  -0.411905
-2.179815  2.215281
1.173910  -2.912178
-2.822384  1.636876
-1.186936  -2.887038
-1.779720  1.955944
-2.216898  -2.198841
-0.468736  2.683825
2.838346  1.896698
2.604867  0.726322
0.981967  2.530702
-0.611746  3.018265
-1.994113  2.553245
-2.380141  1.884781
2.755419  -1.398636
-2.414469  -1.478906
-2.288396  1.693533
2.567523  -1.687204
-2.170998  -1.578320
2.145902  2.369502
2.297992  2.118431
2.272029  -1.770604
2.745191  1.269031
2.851784  1.289819
1.413603  2.607516
2.710547  0.987130
-2.308387  -1.687395
-2.828815  0.921758
0.805482  2.835386
1.565261  2.373668
2.845366  0.505437
-0.374668  -3.116863
2.601858  -0.913787
-1.730887  2.979585
2.343996  0.913539
-0.782982  3.121656
1.917594  2.322818
-2.139385  2.087655
-0.654789  3.055201
2.867525  0.321090
1.267837  -3.045022
1.352617  -2.730073
1.676316  -2.707348
-3.151031  -0.436620
1.088254  -2.960948
-0.091544  -2.886250
2.565390  -1.524100
-1.269350  -2.704646
-2.548895  -1.923773
0.355765  -3.033189
2.315420  -1.722429
-2.527585  -0.926350
1.132037  -2.520710
0.524286  2.837627
1.930406  1.596478
2.805102  -0.104077
-3.201758  0.183684
-1.351196  -2.578827
-2.083620  -2.220334
-1.673966  2.817930
-0.325922  -3.216064
0.453041  2.974136
2.820014  0.494336
0.950921  2.488701
0.967952  -2.810101
-1.588585  2.701678
-2.085805  -2.001544
2.668380  1.485224
-3.102834  -0.029503
-0.681716  2.779829
-2.994209  1.228523
-1.805185  2.201596
3.341555  -0.925477
2.674386  0.797391
0.718842  -2.922038
1.549381  2.160089
1.775321  -2.677400
0.719926  2.931568
1.085991  -2.840180
-2.073028  -2.042537
2.632063  -1.463070
2.754225  -0.915042
-3.127165  -0.901386
0.103115  3.253701
0.613818  2.938768
2.850930  -1.022666
-0.419806  3.016021
0.495821  -2.975580
3.258729  -0.285519
2.781431  0.874063
-0.738696  3.072708
2.906502  -1.081152
0.282370  -2.943302
2.414704  1.779464
2.474141  -1.939559
-2.610865  -0.247390
0.292389  2.775168
-2.285172  1.608528
3.245185  0.391565
-2.209103  -1.571881
-1.791736  2.474407
2.794105  1.825727
-1.776481  -2.017362
3.093730  -0.865703
1.070964  3.026901
1.495324  -2.597150
-2.039220  -1.998842
2.992209  0.914079
1.728457  -2.676499
-0.155956  -3.070112
-2.014079  2.721432
2.070998  -2.449479
-1.515164  -2.692214
-0.620560  3.530809
0.885817  2.781440
-3.008916  -0.333643
-3.044331  0.322671
2.035329  -1.834996
2.288601  2.331481
2.759311  -0.272541
2.705921  1.905748
2.712614  -1.010668
0.741539  -2.882434
-0.743291  -2.969918
1.477067  -2.799723
2.216857  -1.987016
-2.637838  -1.474154
1.527614  -2.680252
1.101490  3.113323
-1.642301  2.205261
-0.446938  2.956977
-0.492044  2.839314
-0.203269  -3.008388
-0.589539  -3.009721
1.527960  -2.621837
-2.810522  0.725795
2.870853  0.291514
2.669509  1.279662
-2.488061  -1.742071
-2.466992  -1.112291
2.510591  1.445710
-2.128243  -2.401808
3.002213  0.147933
3.205728  -0.613385
-0.717355  2.958687
-3.135435  0.356634
1.030051  -3.070030
-1.811878  2.237980
0.952446  -2.368067
2.427955  1.272054
-1.527780  2.388669
2.630073  -0.847009
3.101571  1.250220
2.496695  1.443188
-0.230944  -2.999699
-1.666805  2.269547
-2.432595  1.907102
-2.459055  1.829027
2.176317  -2.142763
-2.564738  -0.924101
2.792619  -2.086346
-1.715667  -2.164032
0.590143  -2.914975
-2.955149  -0.334110
-1.732683  -2.346864
2.738952  -0.712676
-1.917705  2.462048
-0.811642  3.175273
1.427556  2.832585
1.471827  2.788157
-2.668573  -0.402642
2.805908  1.534132
0.406452  2.730262
1.892622  -2.486731
-2.998549  0.961998
-2.886310  -0.394126
-1.562328  -2.158744
-3.320056  -1.134250
2.096582  1.949696
-0.522707  3.154770
-3.002236  -0.641284
-3.338556  0.421483
-1.933023  -2.023290
-2.449545  -1.460940
2.841371  -1.604760
2.062743  -2.272202
-0.909503  2.858411
2.468570  -1.547094
-2.697456  -0.493927
-2.267167  -1.961828
1.855241  -2.753474
0.242171  -3.077027
-1.864103  2.505249
0.554250  -3.079922
2.974299  0.057741
-2.331720  2.104434
1.048793  2.766486
-0.444106  -2.830912
1.123127  -3.058425
2.441075  -2.137395
2.323099  2.480106
-0.263592  3.410493
-0.680322  2.815627
3.101979  -0.059875
-2.910657  0.644452
2.234149  -1.074445
-2.090473  -1.985263
2.210330  1.819612
-2.365081  -1.625496
3.174259  -0.286846
3.309325  0.531153
2.102497  2.164058
-2.590362  -1.711556
2.849730  0.866401
0.831364  -2.777584
-0.271017  -3.031585
-1.624528  -2.277635
-0.492763  2.692802
2.215328  1.892671
1.963703  2.624726
1.261636  -2.578394
2.068500  -2.383123
2.344222  2.159980
2.330659  2.348643
-3.354826  -0.213418
-2.991734  0.221992
-0.168635  3.086500
-2.979896  0.198954
-1.479951  2.616720
2.013269  -2.239033
2.465695  -1.443204
2.158909  -2.223260
-0.733505  2.477174
2.729390  0.382998
1.295755  2.297321
-0.135988  -3.336009
1.946808  -2.593189
2.346547  1.755075
-1.747548  2.132281
1.436888  -2.799774
2.784040  -0.840829
0.063996  2.941540
-0.891132  -2.735808
-1.895056  -2.470346
-2.905218  1.539082
-3.533627  0.140077
2.728039  1.615297
-2.801098  -0.640996
1.551292  2.549544
3.341319  0.340667
-1.069714  2.782971
-2.472361  -1.283879
2.348050  -0.902613
-2.251659  -1.913935
0.797528  -2.851641
0.819094  3.067326
-1.425954  -2.644210
2.331897  -1.253123
1.195748  2.750143
-0.042787  -2.960944
-0.119031  2.951626
-2.764064  -0.706433
1.522211  -2.606913
-2.169050  -1.820568
2.370978  -1.617790
-3.281432  0.282622
-0.439761  -3.120631
-1.867327  -2.302036
-1.681288  2.824266
-1.649197  -2.688208
0.974030  -2.646979
-1.406053  -2.399218
-3.073327  -0.417882
-0.766157  -2.605668
3.255802  0.376485
-3.164603  -0.670845
2.712588  0.868542
2.890406  0.475697
2.387217  1.686625
0.275993  -3.283809
0.192840  -3.078268
-1.540020  -2.170636
0.003014  -2.944951
-2.870550  -0.300297
-3.217402  -0.785937
-2.568988  -0.637005
-1.497244  -2.639371
-2.404306  -1.075709
2.966790  -0.196911
2.705595  0.962365
0.796892  2.984620
-0.654390  -2.897516
2.928872  1.642568
2.270047  -1.811427
2.611528  -1.489550
-2.642004  -0.822810
-0.442108  -2.963218
-3.102950  -0.301371
-3.191937  0.395331
-2.257129  1.663083
0.785306  2.627424
-1.617518  2.824199
-2.478041  -1.999657
-0.600998  3.549432
1.384475  -2.994789
2.258208  -2.153809
-0.291998  -3.027886
1.995132  2.790254
-0.238677  -2.723982
-2.086677  2.605641
2.073940  2.201326
-2.500932  1.135670
1.266456  -2.803067
-1.069280  2.612057
0.002715  2.996910
-0.197180  -2.816837
-1.765184  2.215251
-0.252912  -2.793618
-1.699821  -2.166960
1.585655  2.483412
-2.724478  -1.313560
2.866516  0.102685
1.381755  2.303903
-2.501672  -1.238818
3.207523  0.214424
-1.380428  -2.373646
0.856128  -2.336764
2.738169  -0.630617
-1.253319  3.004737
-0.099431  2.901424
-1.770727  -2.445610
0.272879  -3.060890
-2.138322  -2.380272
-0.418823  -3.112198
-0.634204  2.878957
2.615242  -1.201514
2.655199  -1.554005
2.754013  -1.294098
-2.720669  -0.721859
3.203561  0.884651
-2.576221  1.550895
-1.983989  1.945899
2.992662  0.587785
2.191910  -2.463421
-2.114258  -2.508996
-1.324202  -2.934793
-3.006235  1.096101
1.039157  2.492306
2.511306  -2.280767
-0.865597  2.844120
-0.213728  3.049944
0.707678  -2.833493
1.550114  2.887091
-2.336056  1.277354
1.731539  2.344524
-2.576619  1.045202
1.344046  2.839368
2.998089  -0.879495
-2.176477  1.976945
-1.055387  2.583459
-1.646050  2.680377
-1.780474  -2.238608
2.661194  0.471556
2.562627  -1.676014
-2.984565  -0.753149
-3.253217  -1.149558
3.042112  1.019890
-2.207893  2.132934
-1.940614  2.450534
2.701777  -0.688762
2.907931  -0.400456
-3.127199  -1.095075
3.383242  0.625184
3.049478  -0.367155
-2.629357  1.038733
-2.583097  -1.287664
-0.833083  2.778880
1.596138  -2.061712
-2.999330  -0.703007
-3.022175  -1.521482
-1.752227  2.518123
2.501752  0.379642
-2.051660  -2.056514
2.920838  -1.005296
-3.206112  0.194088
-3.217124  -0.959553
0.546867  3.372975
-0.578308  -2.966741
-3.029940  0.812021
-2.284116  1.419446
2.885419  -1.281075
-2.844520  1.089090
-2.749330  0.113401
0.620977  -2.756902
2.851090  0.558327
2.167072  1.968715
1.442248  2.548877
-2.215962  2.064528
1.477525  2.458596
-2.860521  -1.412917
-3.160867  -0.424906
1.878025  -2.664647
-1.479748  2.189021
0.992761  2.895999
2.377076  1.211429
-2.848754  1.187036
2.289299  -1.571228
-2.577882  1.681473
-2.223031  -1.879448
3.278326  -0.129442
-1.360478  2.610119
1.675770  -2.307995
-0.048632  -2.632962
-3.012203  0.552808
2.289473  1.691345
-2.984526  -0.607399
-3.258410  0.070572
0.661454  -3.045737
2.619068  1.137876
-3.285349  -0.240873
0.549938  2.759919
-2.319929  1.721667
-2.866682  -1.289441
-2.448659  0.438634
2.707163  -0.721729
-2.344445  1.354837
2.870322  0.411078
-0.472358  -3.104286
1.174541  2.728938
-3.233886  0.442327
0.115498  3.029377
0.700055  3.065037
-1.551088  2.712588
2.671213  1.872717
1.483333  2.816978
3.176682  -0.797558
-1.080685  2.796478
2.446064  -0.985790
-2.376802  -1.212523
2.188666  -1.804601
1.106918  2.704712
-2.950586  0.466301
-2.782460  -0.227565
-0.368985  2.974014
-1.416823  -2.451380
-2.834235  0.015900
-2.823129  -0.846929
-0.759652  -2.814204
-3.229778  0.100101
-1.052516  -2.855192
0.325379  -2.830997
-3.083598  0.041135
2.305444  1.116821
-2.545220  -1.804611
2.704663  1.235746
1.232000  -2.612195
0.662380  -3.224512
-0.426563  -2.941534
2.597182  1.622564
-2.649496  1.319283
2.704759  0.833623
-2.479384  1.951741
0.844986  -2.759966
2.916405  -0.333921
-1.478740  -2.299690
2.677972  -1.425945
3.175084  0.323977
2.612271  1.188803
1.420643  -2.607936
1.670405  -2.492427
-2.232343  1.634112
1.098719  2.987084
1.599326  -2.216611
-2.220644  1.774529
-1.983659  -1.889478
0.315578  -3.263817
-2.928105  -0.248712
1.410321  2.407808
-2.828176  0.383161
0.625888  -2.836709
-1.784184  -2.243405
-2.212808  1.609990
-2.113085  -2.509981
1.260588  2.788514
3.003382  -0.455228
2.492347  -1.743045
2.161452  1.834390
-1.457788  -2.489726
-2.364456  -1.683201
-0.101039  -3.074706
-3.322977  0.085219
-2.822345  -0.443054
2.445652  -2.257632
2.641410  -1.154361
0.434190  2.920674
2.739987  0.219283
2.601272  1.265077
2.826685  -1.647061
-1.163784  -2.684376
1.982117  1.695310
2.785272  0.548728
-1.632501  2.563679
2.352369  1.670436
-1.691023  2.379826
1.775245  2.208940
1.683371  2.674223
-0.212309  3.042895
3.007685  1.364872
-2.182728  -2.471998
2.623903  1.981748
2.812940  -1.616501
3.063787  -0.538990
2.380382  2.236067
-0.274266  -3.106676
-3.145235  1.366386
-0.579000  -2.992630
2.903204  -0.710263
-0.919288  2.881025
-2.294921  -2.375206
-2.852388  0.904440
-3.248542  0.041014
1.837525  -2.015056
-1.565737  -2.449517
-3.032405  1.364852
1.083593  3.071496
1.147178  2.631971
-0.774945  -2.842385
-2.756347  -0.313380
3.027328  0.753126
2.581952  1.447009
0.632673  -2.828925
-2.780700  -0.576610
-3.225600  -0.221844
-1.861830  2.565503
1.257935  -2.676209
3.298451  0.747768
-2.966899  -0.605371
-2.380509  1.855015
-2.676018  -1.952724
-1.564608  2.222479
-2.938561  0.756344
1.035876  2.769797
-2.035340  -1.933147
1.814695  2.459370
-0.096796  -2.919615
2.321835  1.578196
2.999752  0.566835
0.293987  -2.592733
3.119729  -0.495308
-1.769735  -2.287183
0.938641  2.699772
-0.976219  2.835867
-2.065525  -1.849246
0.095984  -2.773345
-2.764584  -0.428027
1.318099  2.602776
-1.926538  -1.931315
-2.367027  1.237674
2.757144  1.301137
2.578532  1.559689
-0.591908  -2.805082
2.837131  0.373770
2.532393  -1.863816
2.179304  1.602901
-0.149329  -2.989707
2.913812  0.188551
0.697306  -2.627225
1.417198  -2.804876
-2.160301  -2.452406
2.200162  -2.158245
-0.014033  3.432903
-1.640596  -2.213820
-1.629666  2.531677
3.032091  -0.882779
-3.023394  -0.370752
0.441569  2.944743
-2.795802  1.254972
2.444825  2.374748
3.025477  1.172201
-2.274122  2.280893
0.786864  2.958444
-1.759803  2.135059
2.311446  2.143735
2.785932  1.102374
-2.331755  1.502893
1.858472  -2.091070
2.698257  0.631797
1.343315  -2.755435
-2.516085  1.473518
-0.481182  -3.121732
-2.408203  -1.703246
-3.003448  0.085761
-3.152957  0.130097
1.408964  2.693063
-3.062953  -0.088215
-2.606025  -1.090372
0.077542  2.857516
2.765895  -1.102217
1.462265  2.385524
-2.828713  1.215897
-3.269879  0.188842
-2.645386  -1.972517
0.480581  -2.687116
0.683698  3.013210
2.363036  1.117286
2.885082  -1.086674
1.717612  2.753662
2.618045  -1.163034
-0.725645  2.745464
1.881537  1.698673
-1.356931  2.810055
0.982476  2.534722
-1.184454  2.410558
-1.028842  2.466471
1.444226  -3.077257
1.996169  1.774430
-2.532160  -0.219149
1.004633  2.732477
-2.029747  2.367972
2.485057  -1.243175
-0.013998  3.161630
0.866113  -2.541323
-2.776409  1.012982
1.118938  -2.802031
0.542957  -3.106427
-0.534809  2.798198
-2.338387  -1.831259
-2.801410  0.772600
0.593188  -2.818285
0.458848  -3.200607
3.223827  -0.309254
-0.446132  2.868261
-0.133724  -3.012058
0.639430  2.936490
-2.902064  -1.084853
-2.688171  -0.770207
0.471196  -2.818131
-1.262506  2.980674
-0.295390  2.937794
2.585884  -1.285760
2.088851  2.271704
-1.898414  -2.508080
2.777632  0.340370
1.482450  2.207436
3.025209  -0.541785
2.377223  -2.083789
3.149189  0.059828
-3.132579  -0.021941
3.197098  -0.005232
-0.725011  -2.777324
1.224290  -2.943933
2.457466  1.446873
2.393468  -1.857089
-0.356177  -2.599015
2.979272  0.851279
1.392328  2.443733
-2.530465  -2.046109
2.433363  -1.339191
-1.789362  -1.605044
-2.423593  2.276635
-0.492725  -3.137713
-0.632111  2.761817
2.507629  -1.109668
0.758762  -3.114110
-2.742359  -0.921200
-0.221565  -3.294327
2.556712  2.044546
1.073738  -2.571278
2.476727  -2.224360
1.118098  2.984114
-0.607382  2.875651
-2.196752  -2.269302
0.942496  2.853100
1.317401  2.858406
2.541771  1.878705
0.466827  2.811426
3.035992  0.415576
1.375676  2.691916
0.032135  2.696325
-2.836427  1.108055
-1.661833  -2.374092
-1.339068  -3.132288
-2.639081  -1.243706
-2.276985  -2.049702
-2.250465  -1.520009
0.627788  3.052277
0.737431  2.758814
2.020177  -1.904208
-2.576333  -1.099953
2.593107  -0.855571
-2.668983  0.627152
1.778425  2.356412
3.117214  -0.211927
-3.004949  0.465916
-2.309262  1.621054
-0.472145  -2.924252
-1.591283  -2.389011
-1.651560  2.697898
0.173536  -2.757726
-2.101936  -1.919486
2.537326  -1.606087
2.412906  -1.220571
-2.704905  0.885774
-0.368975  -2.933393
-0.369892  -2.979800
2.461162  2.252129
2.994760  0.591916
1.400573  -2.695557
-1.977710  2.291366
-2.852431  0.677081
-2.183625  -2.076909
1.574570  2.603192
-3.387046  -0.302386
2.023458  -2.657643
-2.735260  -0.862377
0.278791  3.303683
2.941378  -0.343319
-2.667601  -1.619220
-1.388977  -2.148237
-2.888084  1.273907
-2.516234  1.436178
-0.133727  -3.074593
-2.813182  -0.519160
-0.913440  2.627152
0.557632  -3.152946
-0.022403  -2.796906
3.074002  -1.113938
2.283678  -1.283487
3.062975  0.726676
2.852989  -0.655593
-0.626922  2.756499
-2.096165  -1.925574
2.151939  -2.194540
1.558842  2.487985
-3.023817  0.105671
-1.429094  -2.431075
-1.834688  -2.541640
2.144850  -2.003181
-2.832789  -1.168158
0.245541  2.743527
2.559798  -1.036590
2.472353  2.216316
-2.411543  -1.713784
1.072650  -2.984974
-3.043325  0.761837
-3.024240  0.650996
2.525978  -0.383219
2.563837  -0.559153
-2.760356  1.249052
-1.189419  -2.724189
-0.730624  -2.957167
0.748455  -3.348274
2.784654  -0.757519
-2.036954  1.962239
2.930691  0.875602
-1.058326  2.799623
-0.226405  -2.956458
-3.345390  -0.361447
2.319688  1.919369
-0.905784  -2.637850
-2.983517  0.378965
-0.253994  3.329624
1.344769  2.850549
-0.070644  3.134796
-1.836763  -2.063391
2.568100  1.736690
2.857623  -0.234884
2.575321  1.473168
0.780147  2.990649
1.373176  2.913850
2.845895  1.665206
-0.607850  -2.614283
0.050270  -3.098807
2.141036  -2.081144
-1.440778  -2.333687
-0.642129  2.561409
-2.638339  -1.070091
0.734320  3.383657
3.097244  0.797518
1.709767  2.380511
1.019163  -2.928261
-0.938094  -3.166596
-2.420903  -2.051561
2.480034  1.039534
-0.496338  -3.170102
1.810477  -2.336906
2.573812  -1.723814
2.723248  -1.607165
-2.969437  0.053525
0.830380  -2.625854
-0.945971  2.992039
3.084777  0.650943
-0.882301  2.800707
-2.866958  -0.555881
-1.748393  -2.557827
-2.528823  1.882154
-0.966444  -2.981204
-0.039704  -2.825245
-1.391062  3.024635
2.998560  -0.669178
-1.095151  -2.849763
-2.221091  -1.877060
-1.710001  -1.987327
2.707953  -1.651188
-3.027920  0.338078
-1.881389  2.435169
-2.099441  -2.117218
1.975469  -2.390704
-2.318475  -2.304888
2.373207  -1.169811
-1.792559  -2.587207
-2.218963  -2.586730
2.666659  -1.347384
-2.586325  1.140885
-2.432074  -1.879181
2.940559  -0.191072
-3.021680  0.672058
-1.129695  -2.407382
3.013604  0.363304
2.588402  2.070265
0.756015  2.720334
2.406879  -0.670312
1.167991  -2.941916
-2.910866  0.253376
-2.253903  2.572002
-2.735991  -1.799072
-3.214269  0.608638
-2.835708  -0.147422
-1.684987  2.579963
2.732031  1.077860
-2.372489  1.424005
-1.987554  2.657511
2.205307  2.311217
-0.615514  2.802019
2.278640  -1.650974
-1.411470  -2.274896
1.746313  -2.208444
1.243904  -2.845263
1.943451  2.058922
-0.740333  -3.044171
0.358813  3.015773
-2.433929  -0.906515
-1.213516  -2.968361
-2.651854  1.572745
2.855003  -0.179819
-1.352932  -2.659348
2.473565  -2.111121
-1.754087  -1.769949
2.493825  -1.685071
-2.593803  -1.604982
0.899029  2.788028
1.551697  2.987181
2.674562  1.976538
-2.723096  1.419418
3.021127  -0.705100
-2.984626  1.154644
0.362103  -3.022230
-1.048715  2.817280
0.739540  -2.284180
3.204781  -0.145059
-2.267852  -1.477961
-2.778258  1.415364
-2.739451  1.000557
2.897271  -0.255331
-1.201343  -3.054622
0.358708  2.880382
-3.089108  -0.609337
0.324810  -2.844453
1.616684  2.520745
2.907385  0.553797
-1.105397  -3.004513
1.556638  2.658998
2.864158  0.044347
2.758154  0.872850
-0.198687  -3.073173
2.553831  -1.497084
0.650319  -2.922028
2.340401  -2.062845
2.892847  -0.521853
3.182495  1.194901
2.835479  -0.660945
-2.974017  0.851366
1.583781  -2.874227
2.586706  1.635877
-2.858359  0.924416
1.928343  1.646434
2.968131  0.878633
-0.355525  2.955429
1.873746  2.541707
-1.300040  2.758695
-0.362388  3.109562
1.593527  2.239860
-2.906283  -0.965377
2.389552  -1.867104
2.657563  -0.885198
2.850519  1.159276
2.285341  -1.959144
2.898408  -0.666640
-0.704379  -3.067777
0.853327  2.937981
1.553763  -2.522779
-2.380511  -1.443954
0.053054  2.721754
-0.708847  -2.809464
-2.825543  1.238662
1.515105  2.633721
2.242992  -1.859996
3.022598  -0.130752
-3.115814  -0.016785
0.566307  -2.933430
-1.579801  -2.895426
-1.660540  -2.569737
-2.745068  0.669497
-1.616332  -2.531719
2.432026  -1.627831
-3.030604  0.873979
-2.117026  -2.170385
-2.816608  -0.113074
-2.099472  2.643271
1.534621  -2.652057
2.786233  -0.091705
-2.898826  1.652776
2.531774  0.377425
1.426178  2.650781
0.897800  -2.631033
-0.339812  -2.841980
-2.827958  -0.303233
1.731230  -2.250846
-1.945493  -2.213317
-1.240605  2.728446
1.856044  -2.323429
-2.617214  -1.978242
-0.137025  -3.141796
2.691428  -0.945594
2.090663  -1.661748
2.519508  1.562755
0.181233  3.258984
-0.023141  -3.273485
1.371641  -2.824602
-0.287284  2.497405
-2.356594  1.530009
-1.784287  -2.226028
-2.938420  0.058111
2.542974  0.371674
-1.803720  -2.276636
-2.808928  -1.498292
1.097388  -3.379960
-2.018307  2.516802
3.153782  0.694037
-2.331475  -1.243494
1.515080  2.513752
-2.233004  -2.122740
-1.429012  2.654539
-2.969143  0.459771
-1.593894  -2.523875
0.375297  -2.968243
2.513589  1.172454
-0.448846  -2.895360
-2.447040  -0.909701
-1.333680  2.495816
2.710637  -1.127450
-3.044943  -1.000590
3.147331  0.259089
0.052629  2.946810
0.139381  -2.678031
-1.634825  2.403430
2.259127  2.345820
-2.410687  1.733278
-1.690707  -2.347289
-0.163444  3.141482
-1.973279  2.158766
-0.824171  2.989663
1.719708  1.713992
-1.930744  -2.310412
1.481298  2.226069
-2.679414  1.381575
0.316763  2.980189
2.889952  -1.207754
1.917612  2.194551
-2.940922  -0.573996
3.037815  0.401498
-1.969982  2.643389
2.857497  0.630495
2.692343  1.748550
2.527999  0.602233
0.194006  -2.740770
2.720608  -0.923451
1.294542  -2.827544
-2.431958  -2.179515
2.569314  1.536758
-2.931103  -0.211683
-2.821006  -0.197627
-2.442916  -1.937456
0.148955  2.624363
-2.997473  -0.877641
0.852046  -2.758009
-2.482139  1.534541
-3.030380  0.321662
1.410148  -2.645692
-2.634567  -1.412798
0.627054  3.014886
-0.165766  2.944962
-1.784853  2.567162
-0.769952  -2.983209
1.346635  2.558013
-0.893548  2.567150
0.507690  -2.929733
1.237157  2.845031
-2.465657  1.365586
-1.511059  -2.347326
-2.430473  2.058518
-2.580004  1.825105
-1.905159  2.237486
2.787124  0.607927
-3.047119  -0.966572
-2.359005  -1.608352
0.316414  -3.159000
-0.477196  -3.023229
-1.723122  2.232625
2.170871  -2.374314
2.217450  2.446050
0.473560  2.773441
-1.918902  -2.140147
-2.609007  1.401808
1.338157  2.496412
2.968081  1.116450
-1.997225  -2.341697
-1.946455  -2.480404
0.981591  2.684540
2.555133  1.944415
0.368472  -2.816560
2.953542  0.688877
2.357946  -1.685676
0.427018  -3.102860
2.952106  -0.150717
-2.549443  1.001870
2.220124  -2.153869
-2.948002  -0.504166
2.228981  1.685526
-2.501742  1.290218
2.447063  1.503436
-2.724782  -1.692514
-2.315641  -2.298135
-2.185650  1.771834
0.926369  2.788953
-2.072307  1.927138
-1.605300  -2.643883
-3.397414  -0.041074
0.712558  2.817586
-1.932206  -2.130080
1.822451  -2.021883
-2.850860  0.256698
1.050726  3.090873
2.930853  -1.102390
-2.864404  0.965166
-0.240428  3.078755
2.542841  -1.455222
-3.068408  -0.042512
-2.820545  -0.990532
0.931358  2.685459
1.681404  -2.831141
1.969877  -2.250042
2.852666  -1.398166
2.124402  -1.863251
0.881613  3.032812
-1.628302  2.251934
-0.094483  -2.894621
2.581379  -0.540753
-3.260383  0.253369
0.050899  -2.842399
3.062879  0.335938
-2.773340  0.307756
1.108424  -3.084110
-1.183472  -2.881784
0.706331  2.977033
-0.356469  -2.801013
-1.831509  -2.526969
-3.087575  0.125095
2.234684  -1.576722
1.220273  -2.985275
2.372678  1.409757
0.590264  2.851228
2.188565  1.260758
-2.879369  -0.879429
-0.905366  -2.600537
-2.393425  1.554082
1.840330  -2.561688
-0.004048  2.946819
0.972075  -3.019585
-1.531153  2.503657
2.169375  2.509522
-1.905102  2.147227
-1.857073  2.129703
-0.645115  2.773847
-2.617808  1.512490
-2.113250  -1.946693
-1.252702  -2.583788
1.000578  2.992820
-1.501127  -2.552190
-1.567825  -2.503462
-2.873403  -0.654028
2.531716  1.233795
-2.859510  -0.520849
-2.581767  -1.787157
0.649761  -3.211750
-2.739137  -1.300463
2.703652  0.253684
2.729495  -1.418643
3.128088  1.332544
3.122878  0.078558
-2.798851  -1.002097
-1.864394  -2.161376
-2.978969  0.620430
2.000658  2.513582
-2.945912  0.159386
-0.208888  -2.861696
2.797369  0.455491
-2.728161  0.977759
-0.917843  3.034576
0.225524  2.748612
2.766395  -1.610867
-0.554038  3.085252
2.927838  -1.151720
3.288325  0.002806
2.377034  1.682783
-0.346079  3.111084
3.169713  -0.234084
-1.899185  2.446756
2.986081  0.908247
-2.240390  1.743274
-2.247144  -2.106451
-3.028089  -0.304039
-1.751337  -2.489927
-3.204855  -1.212462
-0.496250  3.281923
-0.968134  2.542474
-3.183659  -0.355930
-3.025156  0.048135
1.976108  -1.878830
1.465247  -2.537894
1.565248  -2.266796
-0.055805  3.058372
-2.847924  1.530461
1.923650  -2.534183
2.099375  -2.140650
2.644644  1.577896
2.248233  -1.538473
2.105178  1.648193
1.966847  -1.968859
-1.327791  2.857373
2.982264  -0.338371
-0.841358  -2.829138
0.886289  2.658159
-2.625085  -1.507822
-0.845256  -3.254664
-1.839595  2.062874
-3.021366  -0.858149
2.600452  -0.761632
-3.084264  0.871503
2.045614  -1.814258
2.919244  0.440674
-2.622772  0.659597
-1.786539  -2.760047
-2.660527  -1.539137
1.428177  2.269460
-0.109115  -3.347456
-2.048499  2.848943
0.709509  -2.883840
-2.872529  -1.508490
-2.173116  -1.733312
0.533228  -3.299868
2.721600  1.393801
1.054734  2.490002
0.416503  3.401612
-1.732201  2.693805
0.321249  2.876152
-3.109514  -1.129334
2.776969  -1.426407
-0.466271  -3.043918
3.180764  0.082137
2.534557  -1.084976
-2.569966  2.089385
2.443172  1.337445
3.144267  1.564053
1.930827  -2.113988
-0.350753  -3.206084
0.732224  -2.740381
-2.435536  -1.552406
-2.440004  1.165151
2.027822  2.253770
-2.846372  -0.571467
-3.322462  0.279501
-1.539645  2.512807
2.801109  -1.431010
3.075952  0.280297
-3.108644  0.570316
1.325541  -2.645385
2.110106  -2.193649
1.949304  2.481013
-2.825762  1.135795
-1.510513  -2.378540
2.785028  0.875427
2.838197  -1.395100
2.605856  -0.220830
-2.032022  -2.236421
-1.098019  -2.750499
3.144217  -0.529524
0.876151  2.773822
3.098516  0.138190
2.885787  1.182418
0.053446  -2.856112
1.727156  2.142713
-3.361893  0.245684
1.157165  -2.800326
-2.567626  -0.941614
0.171469  2.867677
1.159842  2.557220
-2.407938  -1.673904
-0.410155  -2.994222
-2.958173  -0.780978
2.373736  1.353801
-3.055022  0.612170
-1.522076  -2.601464
-1.119000  -2.766130
1.353847  -2.501527
-2.798766  -1.238482
-2.630926  0.499823
-2.663988  -1.084864
2.299661  -1.809037
-2.744650  -1.673685
-2.355372  1.916078
-2.995231  1.029432
2.086874  -1.746570
0.936334  -3.148801
2.370378  1.760017
0.704796  -3.024682
-0.153748  -3.053321
2.009632  -1.574742
-1.246108  3.045442
2.421398  1.542186
0.164526  -3.031638
-1.356667  2.349473
3.115479  0.431538
-0.533370  3.297784
0.464044  2.762091
2.567371  0.087502
-1.912569  2.518013
1.862127  2.752198
2.212448  2.126032
-2.645616  1.280305
2.237092  2.140465
-2.845126  0.025163
-2.590625  1.539237
3.182003  1.151963
-1.090122  2.624995
-3.233145  0.234077
2.407722  1.796001
1.742093  2.482984
-0.076521  -2.828499
-0.522513  2.876030
2.672300  -0.967598
-2.299864  -1.101275
-1.344664  2.546781
2.167830  1.785418
2.880884  -0.358166
1.328699  2.473732
-2.722557  -0.036564
-0.581353  2.745138
-2.932785  -0.452199
3.154307  0.170331
-1.616718  2.416268
0.971808  -2.866832
2.996103  -0.101801
2.066914  -2.062780
-2.458834  -1.577209
2.861686  -0.855846
-0.491987  -3.123377
3.322173  0.673560
-0.856863  -2.849637
2.744458  1.056994
-2.923547  -1.606123
1.895971  1.722724
-0.153724  -2.839974
2.425242  2.077743
1.894805  2.517231
-2.113570  1.830786
-1.419034  -2.572453
2.966293  -0.925558
2.021585  1.983388
3.201514  -0.669969
3.134022  -0.240486
-0.930744  2.517479
1.097033  -2.842606
-2.275882  -1.354278
2.042349  -2.334319
-2.381453  2.051001
-1.669023  2.383038
-1.358732  -2.767811
3.004228  0.970568
1.947772  -2.002819
1.633109  2.659181
-2.773273  -0.903150
2.794887  0.066268
3.212002  0.429358
2.243201  1.609399
0.318615  -3.121797
-2.393052  1.503944
-2.098048  -2.563115
-1.717846  2.412768
0.425125  3.135209
-2.115705  -2.492396
-0.978012  -3.097448
2.902270  0.151219
-1.911696  1.532624
2.208690  -1.796181
-2.378775  -1.521832
-2.918966  1.025364
0.390009  2.735332
2.834849  -1.644768
2.078617  2.195993
-1.234331  2.823999
-2.449158  -0.725042
-3.026604  -0.109916
-2.244686  -1.932788
0.665183  -3.097814
2.502435  1.152843
2.311402  1.502778
-2.250064  2.366680
-2.514343  1.633549
2.125194  2.042542
-2.288887  2.383853
-3.110709  -0.023332
-0.356858  2.998457
-1.155357  2.896188
2.787026  -1.321412
-2.985811  1.236220
-1.435464  -2.151568
2.909043  -0.820622
-1.264608  -2.599935
-2.784153  -1.212472
-2.553122  1.836719
-2.662811  0.322803
3.000986  -0.356601
-1.401412  2.523245
2.841844  -0.880753
-0.047149  3.160460
-2.371808  -2.011158
-2.230479  2.344668
-1.671455  2.604967
-2.707064  -1.121234
-0.224512  -3.148383
-2.891108  1.247111
-2.487816  -1.575119
-0.647285  2.784368
2.779440  -1.611558
-2.721668  1.051262
1.227518  2.760915
2.682191  -0.823184
-2.625869  1.422809
1.176708  2.646606
-3.034270  -0.941223
-1.748525  2.396864
-0.610869  -2.813031
0.160752  2.948830
2.989392  0.203747
-2.918248  -1.061249
-0.629335  3.192204
-2.685345  -1.676749
-1.525527  2.579645
-1.828239  2.291588
2.068461  -1.702823
2.343837  1.437218
1.039012  -2.908184
-0.440970  -3.198571
-0.635363  -2.881966
-3.246238  0.097793
-1.330869  2.624144
-1.765555  2.495533
2.135328  1.845849
1.806337  2.266177
2.770097  -0.088098
2.465694  2.159242
2.979980  -1.295980
-2.228365  1.347226
-2.632197  -1.586959
-1.041433  -2.932765
-0.265585  2.868710
2.462805  1.864128
2.826742  -0.256514
0.980738  2.882155
-1.550084  -2.341210
-3.040914  -0.640130
-2.276387  2.183939
2.605919  -1.518854
-2.759697  1.651898
-2.631074  2.071091
2.601140  -1.260612
-2.228023  -2.334742
-1.002237  2.616069
-2.989184  -1.012064
2.486079  1.456361
-1.407355  2.541726
2.020572  2.084582
-2.376261  -1.482493
0.527307  -3.200701
-3.296978  0.929485
-2.078060  -1.628268
-1.012134  3.039016
1.751391  2.712915
-2.672266  1.776713
-2.462164  -1.638841
1.238843  2.927006
0.628929  2.704562
1.242018  2.599905
-0.163864  2.984395
0.493661  2.801142
-0.754078  2.872710
1.479569  -2.618431
2.306663  1.809742
0.417982  3.301674
-1.890318  2.523631
-2.512537  1.787039
2.428365  -1.335574
1.041750  2.921561
-2.979876  -0.798591
0.209685  2.828291
2.141490  1.581913
-0.638829  2.912000
-3.025233  -0.073895
-2.964885  -0.260448
0.336644  2.909724
2.918144  0.344688
-2.242741  2.076962
2.637540  1.216006
2.094640  2.257079
-0.600825  3.242060
2.536431  0.965035
-1.188484  2.991516
1.800131  -2.519064
-1.449900  3.027684
-1.126965  -2.666913
-1.209411  2.943824
-1.342355  2.843511
-2.951501  0.714358
2.114390  2.236056
-1.334846  2.594125
-2.906152  0.052537
3.141056  0.787323
-1.189650  2.451811
-2.986843  -0.731195
1.355935  2.693036
2.843387  -0.582506
0.831992  -3.154803
2.870545  -1.379121
-0.434736  -2.600239
2.612093  1.467031
1.844330  2.154759
0.600379  2.768072
-1.265366  2.413134
-3.141070  0.585597
2.036043  -2.109745
3.103468  0.720125
-1.288563  -3.006682
-2.386348  -1.673338
-2.574506  0.663168
3.149896  0.487039
-0.532555  3.043007
2.488259  -2.010564
-1.457903  2.521739
-1.782719  -2.313570
1.376844  -2.536053
1.148780  2.567247
-2.507886  1.594125
-1.372408  -2.522835
-2.957706  0.874487
0.977719  2.828895
1.251323  2.816275
0.659835  2.626637
3.051735  1.308914
3.088226  -0.281560
-1.024118  -3.095618
2.479810  -1.669469
-0.336621  -3.141798
-2.676750  1.367541
-2.569061  1.175206
1.198764  2.850713
1.919141  -2.439270
2.820111  1.457721
1.414079  -2.829559
-2.746675  -0.365266
2.882576  -0.479048
2.245440  2.617128
1.233116  -2.934310
-0.756749  -2.739242
-2.822011  0.315168
1.071662  -2.588374
-1.751055  -2.681551
-2.425514  -1.808713
-2.005590  2.195938
-0.394928  2.892956
2.732323  -2.011790
2.891587  0.124891
-0.411896  -2.722513
2.384288  2.160817
0.754668  -2.676676
1.471544  -2.537116
0.486767  -3.008652
-2.503036  -1.286466
-1.762641  -2.270603
-2.814540  -0.250361
-2.151979  -2.249919
2.358631  1.987371
2.962358  0.398603
3.300436  0.104352
2.266595  2.144855
1.492238  2.732275
-1.319651  -2.871418
-1.036295  -2.633369
-1.889950  -2.252778
-2.336931  -1.588838
-2.241080  -1.676516
1.283667  -2.624138
2.575064  -1.177541
-2.739017  -1.518016
-0.100242  -3.000775
-1.595358  -2.376057
2.177872  -2.014991
2.691405  1.234177
1.291167  2.470790
-1.507497  -2.427088
2.361969  -1.929300
-1.172845  2.852419
-1.034447  3.186922
1.684590  2.378865
0.390718  3.014969
-1.650857  -2.265534
2.223601  -2.180163
2.660393  1.680679
-0.137724  -3.195470
2.279187  1.984036
2.115298  2.221628
2.927952  1.118695
2.659241  -1.345727
2.959056  -1.008251
2.003848  2.501036
1.551751  2.203073
-0.961173  2.484002
-2.002810  -2.256436
-1.485755  2.542037
2.660954  -0.570591
-2.846444  1.275389
-0.746682  -3.048616
-1.355280  2.219105
3.043582  0.765801
-0.636699  -3.081067
0.677401  -3.025328
2.007931  2.521811
0.066953  3.213118
1.819206  2.670225
2.610511  -2.000396
-2.505120  0.796269
-2.591156  0.732286
3.357968  0.267994
-2.792433  0.752582
2.617925  1.828786
-1.202350  -2.475394
1.532478  -2.714451
-3.313182  0.382006
-3.082667  -1.304307
-1.372335  -2.372906
2.166445  -2.184870
1.513565  2.819336
2.867489  0.953441
-1.869272  -2.095745
0.169279  2.934796
0.029065  -3.087333
3.027276  1.353797
2.975393  -1.410080
-2.309725  -2.205168
2.979264  0.352287
-2.447737  -2.004480
-2.500265  -1.834148
-2.391165  0.860237
-1.965856  -2.483644
-2.609612  1.579385
-2.127552  -1.626153
-0.599124  3.125905
2.974627  -1.085994
-1.194531  2.441906
-2.206963  2.244806
-2.125480  2.399709
2.450768  1.678591
1.292725  2.684307
-2.844161  0.851424
-1.699520  -2.741511
-1.451200  2.701900
-1.104847  -2.450407
2.447557  1.845670
-0.463697  -3.134025
2.647584  1.803548
3.077934  1.450184
-3.136949  -0.393050
-2.758077  -0.304865
3.305654  0.556788
-3.002831  0.091845
2.208486  2.082321
3.411987  0.215016
-2.406542  1.673689
2.370799  1.407671
-0.779664  2.998460
2.827103  -1.524046
1.084613  -2.932464
2.792739  -0.255332
1.299021  2.404724
1.137975  -2.332722
-1.728683  -2.846039
2.788020  -0.863115
-3.055037  -0.647574
-2.803540  -0.000070
-2.787813  0.139675
0.005050  2.980687
-2.161726  2.220883
-2.654797  -0.305422
1.611216  2.448243
-0.422069  -3.478249
0.891893  2.477747
-2.684979  -0.960064
2.837276  0.381650
-1.050879  -2.555567
-1.338216  2.642172
-2.955309  1.015585
1.686490  -2.720474
-2.948435  -1.170330
0.050068  3.262828
-2.944445  0.783093
-1.448303  -2.490981
-1.786329  2.402114
-0.716031  2.979061
1.606278  2.288221
-3.100485  -0.797106
1.667422  2.354671
2.253950  2.237481
-3.159210  -0.399536
1.608414  2.303264
-2.555744  -0.915596
3.356185  0.624183
2.570853  -0.784680
3.125751  -0.261447
2.544451  0.031430
-0.074038  2.926169
-1.827640  -2.306275
-0.053160  3.291274
1.171221  2.991855
0.257959  -3.174465
-2.488142  -1.485289
2.193074  2.582324
-0.835570  -2.772381
-2.385348  1.972957
-3.073813  -1.191394
2.988525  -0.257148
-1.738303  2.651236
2.887126  -1.405039
-2.708354  -0.539456
-0.856922  3.029042
1.836525  2.635914
2.189224  -1.741408
-2.726428  0.759149
-0.742031  2.801682
2.263779  1.912498
2.948286  0.363949
-1.163985  3.149743
-1.346714  2.439813
1.569084  -2.072449
3.328264  -0.027337
2.255652  -1.900370
2.328858  -1.717001
0.275319  2.792419
1.454615  -2.195560
-3.240271  0.173685
-2.139310  2.306827
-0.843451  2.647172
1.570104  -2.332752
0.665937  2.876682
-2.035840  2.219142
-2.721863  -1.167835
2.882348  -0.725180
1.580198  2.068002
-3.192797  -0.143322
-0.256510  2.941263
-2.191032  -1.737209
1.614758  -2.454331
-2.326519  -1.663767
-2.097099  1.929858
-2.857235  0.008166
-1.182047  2.549062
-0.492008  -2.738405
-3.040040  -1.187653
-2.919853  -0.263066
-2.969585  1.062803
2.899139  0.316095
2.679622  -1.825231
-2.943535  -0.891709
0.993835  -3.066905
0.516867  -2.895553
2.625127  -1.884523
-0.458369  3.304347
-1.739093  -2.180282
-1.239116  2.382239
-1.223888  -2.518979
0.645359  -2.845012
3.299600  -0.353325
1.844584  2.250573
2.949659  -0.674428
-2.901965  0.222496
2.758574  -1.182905
1.296842  2.752173
-2.241470  -1.697296
-2.814714  1.709918
1.108234  2.797440
-2.485095  1.563897
2.551218  -1.981114
3.102526  0.816743
-0.682773  -2.725777
-2.786717  -1.901282
-2.984984  0.120110
-2.080712  -2.168689
-2.075200  -1.990591
-0.972472  -2.831462
1.796760  2.152746
-0.148124  -2.634512
-0.313206  3.037435
-2.146882  -1.922313
-2.772789  -0.610983
3.004480  0.165145
2.803301  -1.088979
2.196627  1.839702
2.541184  2.100034
2.800819  -0.708655
0.266621  -2.841540
2.305365  -1.590739
2.571971  0.754209
-2.380182  1.872058
-0.151453  -3.165762
2.364776  1.562082
-2.093885  -2.072066
1.614757  2.308989
1.512419  -2.943694
1.688162  -2.550634
-0.444926  2.947189
-2.082043  2.304044
-1.010999  -2.758318
-2.480092  -1.915658
1.401905  -2.551457
3.309040  0.297013
3.043627  -0.489381
2.358694  1.249079
-1.199424  3.022481
2.000813  2.310137
-1.231219  -2.930984
2.618867  1.908726
0.279550  -2.918104
-1.255287  -2.471826
-2.437479  2.011455
-2.521203  -0.620559
2.326349  -1.765867
-2.903610  -0.511477
-0.109971  3.365014
-1.234931  -2.678581
2.250458  1.654341
2.869342  0.439895
-3.039811  -0.979178
2.154875  1.584753
-3.073942  -0.783389
-2.990254  0.009757
1.616470  -2.881925
2.743524  -1.905992
-1.671026  2.668721
-2.741163  0.144979
2.695342  -0.272667
-1.900126  2.399235
2.049955  1.930125
0.506647  -2.869327
2.349929  1.787739
3.083590  0.786063
-3.237828  0.288466
2.362511  1.889681
0.867338  -2.773576
-2.660817  -1.501680
1.152056  -2.529575
0.804463  3.027294
2.233141  1.920087
1.158173  -2.990341
-2.845686  -0.348208
1.822070  2.533345
-0.995391  2.931140
0.632060  2.702903
2.392374  1.988373
-2.239263  2.319298
3.173710  -1.391097
-2.146552  2.250472
2.763987  0.561408
1.409501  -2.522706
2.707969  1.813978
2.141318  -2.292364
-2.228208  1.813555
-1.822867  2.391296
3.174396  0.789950
1.882895  2.631273
0.838485  2.393958
2.898924  -1.077242
-1.918297  -2.361972
2.735270  0.620454
-3.007964  1.116248
0.646329  -2.880960
-1.520209  2.291027
1.715934  -2.742348
-3.002133  -0.281902
0.205820  -3.031275
-2.777142  0.937067
0.016659  -2.715945
1.261795  2.524460
-1.228252  -3.108847
2.969640  0.620915
1.693737  -2.374825
-1.970435  -2.494784
-0.779428  -2.853305
-1.766206  -2.505407
-2.940266  0.450704
-0.448745  3.059110
-1.359805  2.568578
-1.788398  2.335176
2.025683  2.031544
-0.375585  3.194808
-2.216065  1.620001
1.466940  2.965682
-2.874133  0.367566
-3.146533  -0.187439
-2.095841  2.329713
-0.229831  -3.153392
-0.577614  -2.756304
-2.111577  2.119103
-2.567802  -0.734361
2.157667  -2.083618
-2.962460  -0.238678
-1.971340  -2.245826
1.753498  -2.456908
0.576276  2.982776
1.718048  2.657677
2.843635  1.088569
2.171136  -1.820688
-2.566800  1.890262
2.418777  1.491382
2.234200  1.663992
2.105624  2.284863
-2.606037  1.404122
2.165235  2.004156
-0.856173  -2.590936
-2.468089  -1.893642
1.010461  2.762941
-3.009977  0.210505
3.452640  -0.218611
-0.002114  2.901202
-2.679882  1.371220
2.711870  1.171693
0.918213  -2.806732
-3.348498  -1.293897
-2.686311  -1.030150
-1.116106  -2.919347
-0.393771  -3.275706
0.088868  2.984127
-2.763950  -1.265159
0.142640  2.711439
-2.940331  -0.141784
2.055385  -2.215379
-0.378905  2.787743
0.004682  2.884207
-0.251632  2.789495
-2.037243  2.357520
2.524173  -1.594025
2.236473  -1.828456
-1.586191  -2.910962
0.392262  -2.924650
-2.950085  -1.185233
-1.922526  -2.213902
2.297117  -1.517067
1.694629  -2.060844
-0.737994  -2.897000
-0.115274  2.653352
2.721289  -1.310676
-2.416298  -1.969489
1.169819  2.618929
0.519534  3.010192
-2.675494  -1.843868
-3.033260  0.505600
3.061654  1.040685
0.574302  3.194670
-1.057699  2.733053
-1.871422  -2.042809
1.842730  -2.434103
-2.588486  -1.257192
-2.447077  -1.552412
-0.851296  2.783783
2.860584  -0.617811
-2.238547  1.485182
1.767251  -2.859188
1.782889  2.253467
-3.315282  0.029135
-0.532701  2.771881
-0.379663  2.876781
2.531974  -1.372611
2.257095  1.978822
2.470475  1.800119
2.448084  1.639839
-1.931889  -1.726222
-2.882650  1.037713
-2.646172  -0.326803
1.283624  -2.858111
-2.116666  -1.931669
2.689481  0.896493
-3.147258  0.269805
-2.674233  -1.211083
-2.760365  1.456040
1.075503  -2.719994
-0.018195  3.238572
-2.473270  -2.111460
-0.864629  -2.875636
1.041971  -3.095687
2.217182  -2.104807
2.652550  0.999543
-2.149840  -2.470981
-2.532404  1.253076
-1.618401  -2.479882
-1.019981  -2.608764
-2.676556  -1.546976
-2.924759  1.401255
-2.581290  -1.334575
-2.827244  1.339769
-2.924685  0.536153
0.054463  -3.260554
-3.005033  0.979634
-0.582121  -2.980124
-2.797099  -0.409753
-0.073290  -2.965737
1.352469  -2.525111
-0.100359  3.067699
-1.630335  -2.546340
2.754407  -0.819350
-3.359409  -0.567071
2.571502  0.758915
2.823948  -0.024838
-2.740057  -1.335694
-2.896306  -1.097042
-2.894374  -0.281360
0.904338  2.764403
-2.461440  -1.393802
-2.152401  -2.824485
0.031664  -2.848241
-1.735915  1.962591
-2.390071  -1.373227
-2.988564  1.328391
2.709327  1.082373
-2.522557  1.524919
2.287379  1.894486
-2.720549  -1.797950
-1.205884  2.654840
-2.614352  -1.747919
-1.783698  2.270754
3.115746  -0.001980
-2.134330  2.541994
2.619941  -1.728969
0.256011  -3.000836
-0.425352  2.525610
-2.782681  1.148960
-2.246722  -1.569439
-1.436930  2.402248
1.117939  -2.609311
-0.159602  -2.725093
1.945345  -2.159182
-0.790600  2.734581
-0.897563  2.271569
3.349110  0.562572
-2.161205  -1.578381
-2.756453  -1.283718
0.911971  -2.503229
-0.594575  3.212392
3.164797  -0.613566
-2.215235  -2.103697
0.025521  -2.815466
3.055338  -0.720487
0.262348  3.396194
0.876926  2.739967
1.050112  2.953912
-0.565115  2.954341
-0.593119  2.837027
-1.781183  2.539789
-1.359115  -2.614221
0.022724  2.810127
2.033144  -2.265931
-0.005164  3.042183
-2.092013  -1.920192
-2.863925  0.002446
-1.566583  -2.056137
2.223002  -2.007067
-0.072490  3.231855
-1.569703  2.637215
-2.536375  -1.249389
-0.367026  -2.605622
-2.537884  1.712224
-2.063256  -2.346439
-2.879871  -0.385667
-1.281729  -2.610845
-0.578793  -2.814776
0.034383  -3.309164
0.752560  -3.182219
2.656170  -1.159800
3.346656  0.739117
1.856356  2.233335
-2.233988  0.933918
-2.211274  -2.283055
-3.032393  0.517470
-2.524382  1.676068
-0.444650  2.988554
-2.353645  1.736708
-2.474227  0.829924
2.130954  -2.820678
-2.722280  -1.439870
1.734550  -1.903069
0.530454  -2.744465
-2.244177  1.730632
2.474875  0.875590
-1.250743  2.814951
-2.892519  1.581578
-0.911888  2.953804
1.806267  2.927120
-1.271620  -2.801599
-0.908758  -2.837887
3.187667  -1.267797
-2.073852  1.843556
-2.953456  -1.178317
1.099138  2.631478
-3.170484  -0.096445
3.053327  -0.446426
2.033037  1.777097
-2.855754  -1.536233
1.859914  1.863062
0.608918  2.861423
-3.444629  -0.616410
0.472081  3.218900
1.832506  1.949226
-2.859404  0.621901
-0.637502  2.854741
-2.579400  -1.301909
1.155069  2.858957
-1.654844  2.519434
-2.388146  -1.622416
0.318901  3.097784
-0.268754  -2.933970
-2.802203  -0.910685
2.121430  -2.519158
2.709589  1.479189
-0.442073  3.112158
0.093490  2.875650
2.190784  -2.128410
1.283978  2.904362
-1.422316  -2.585882
-2.357578  1.821545
-2.968303  -0.609984
2.982400  1.619047
3.070171  0.271904
2.926591  1.418407
1.386174  2.523027
-2.436097  -2.189958
0.653406  -2.996289
-3.148319  -0.675474
1.971864  -2.391845
0.071740  -2.482879
-2.781719  -0.355546
-1.663462  2.233689
-2.143173  -1.934274
-0.822726  2.774045
-2.199046  -1.998393
-2.909651  0.515918
2.305538  -1.864129
1.783448  -2.821771
-2.974180  1.369176
-0.476285  2.921255
-2.074561  -2.266678
2.915136  1.105112
-0.232627  -2.813209
2.737619  1.297932
2.846099  -0.146588
-1.982244  1.885722
-2.965983  -1.443913
0.861472  -2.997264
-2.312454  -1.413400
-2.533955  -1.269367
0.447922  3.254957
-2.938709  0.770967
0.035769  -2.864340
-0.234937  3.200562
-3.087686  0.057511
-2.414406  1.940076
-2.779146  1.217926
-2.288583  -2.460782
2.015119  1.918367
0.704656  -3.008663
-1.918650  2.112361
1.678264  -2.481263
0.873550  -3.002144
2.741558  1.744511
0.497310  -3.306721
-3.076423  -0.586899
2.295480  1.946321
1.149676  2.279284
-0.618948  -2.663494
-2.830778  -0.795494
2.819887  -1.309814
2.590713  -0.951390
2.188331  -1.828609
2.971559  -1.099667
0.147577  -3.098445
0.785703  -3.176330
1.119765  -2.721602
-2.565943  -1.364539
2.501175  1.930357
-2.491335  1.753540
-3.004082  -0.882423
-2.000231  2.426884
-2.062188  -2.010925
-3.141135  -0.206807
-1.365792  2.543383
0.653651  3.461525
2.757641  1.286569
1.331645  2.381499
-3.028888  -0.061163
2.377728  -1.726717
-2.072491  -2.157981
1.288484  -2.810582
-2.941857  0.840794
1.861432  -2.423608
-0.842077  2.806956
1.601393  2.508409
0.135207  3.467783
2.817949  1.883073
-2.655381  -1.237511
-2.812826  0.806697
1.752594  -2.030450
-2.344643  -1.250202
2.046927  2.065544
-0.999170  2.819545
-0.975294  2.662134
-0.868629  2.945866
-2.460372  0.531639
-0.432431  3.310277
2.928026  -1.135770
1.230881  2.869751
0.591948  3.010242
1.645025  -2.435440
2.745700  -1.069463
-2.854666  -0.569436
2.159360  2.118707
1.725525  2.284212
-2.970839  0.224002
2.844516  0.893242
-3.246342  -0.720822
2.694654  -1.872029
-0.117343  2.898190
2.631072  -1.741408
-1.009416  -3.014891
3.234505  0.070807
-1.415109  -2.408852
-2.874452  -0.664382
-3.212253  -1.004798
1.430123  -2.711714
2.639134  -1.259568
2.803883  0.006854
1.886544  -1.998051
2.000057  2.216516
-2.418843  -1.802217
-1.444259  -2.456075
2.047756  -2.410619
0.234608  3.067925
2.702250  -0.827357
1.975399  2.279624
2.873348  -0.632405
-2.312022  -1.897014
-0.891678  -2.976643
0.797275  -3.031909
2.788673  -1.147776
-2.551627  -0.851597
-2.796032  -0.691774
0.453489  -2.750109
1.816270  2.632057
-2.345399  1.520381
1.679899  -2.554796
0.693544  2.894220
-1.363329  2.222628
-2.099527  2.009316
-2.547508  1.466204
2.415499  1.719133
-1.687163  2.531090
-3.052120  0.185565
2.540022  1.232574
-2.256341  2.281158
-1.488863  -2.152946
2.875511  -0.177295
-2.618882  -1.309719
-0.395856  -2.864567
-0.223360  -2.865149
2.837723  1.333968
2.155339  2.304081
-2.263278  -1.748268
0.204913  -3.246568
-0.734783  2.850822
2.066220  -2.228406
-2.544367  -1.734651
-0.407524  -3.036755
3.158408  0.190951
2.620304  -0.179825
-1.254109  -2.280939
2.514838  1.524382
-0.431589  -2.764363
1.148382  2.906704
2.835827  -1.237121
-2.959309  0.994310
-2.591347  0.070833
0.605081  2.790419
0.699177  2.853371
2.361782  -2.181497
-0.557631  -2.953203
-2.981752  0.257598
2.982731  -0.185932
-1.744938  2.316288
-1.835399  -2.481713
0.149368  -3.198746
-1.475139  2.814578
-2.970938  -0.011201
2.535769  -1.637961
-1.264620  2.860065
2.436124  1.499262
-2.536966  -1.252670
-2.921206  1.202050
-0.507927  -2.477566
-0.695481  2.987760
3.067376  0.514332
1.048727  2.679134
-2.090333  1.645832
1.438841  -2.534716
-2.873273  0.367158
2.899104  -0.651956
0.225284  3.294824
3.056298  -0.368045
2.980314  1.268681
-2.326000  -2.229177
1.228748  -3.036411
-2.341472  1.320261
2.714047  -1.486897
-1.742286  -2.522805
-2.784558  0.176846
3.125256  1.138966
-2.804147  -0.940460
-1.736196  -2.371210
-2.853537  -0.389203
-1.930561  2.443498
-0.571431  -2.826656
0.602843  -3.271966
2.724647  0.452046
2.007236  2.000580
-2.845541  1.181600
2.480906  -1.388313
-2.581621  -1.308000
-1.223273  2.328155
1.066606  2.677536
1.877827  2.456207
-2.429484  -1.228512
2.344080  -2.182838
-2.633132  -1.621511
-2.065206  -1.755968
-1.072914  -2.508526
-1.179350  2.646692
-0.570312  -2.968973
-0.114233  -2.669162
0.389517  2.700472
2.621417  -1.510222
-0.917677  -2.927665
-2.524027  -1.807777
1.252456  -2.582356
3.366526  -0.784681
-2.532546  -1.742548
-3.204739  -0.475829
-2.188397  1.847878
-1.644659  2.597529
-2.011240  2.268156
-2.159070  1.601445
-2.406796  -1.888617
-1.886281  -2.188741
0.092903  2.826884
-2.634522  1.513012
-2.338093  2.005629
2.723658  0.213661
3.004183  -0.539973
3.051901  0.128573
-1.978143  1.911497
0.980570  2.508067
-1.544652  -2.808261
1.658490  -2.696445
-2.267057  -2.401868
-2.216753  -2.030517
-2.359835  2.051145
-0.260507  -2.724384
-2.729790  1.395458
2.809503  -0.619766
-2.281468  2.268271
-2.734416  -0.836357
-3.075052  1.741513
-3.201683  0.841184
-0.513996  -2.791038
0.809721  -3.296507
-3.010200  0.652122
-2.541873  -0.752257
